582
123154081
900973
167391552
156385084
513261945
7927194
370418520
1029605
756439836
27680460
140993034
406673
338153
288203
510889518
8968645
130677354
146903820
666601812
598049
321947
175843
7507
102827770
176542201
48311
209857
16405155
854437856
177468826
655289
627611
69043420
206595642
827473
843347
935261
135731640
684854625
318781
164945232
488149
418426840
274091460
382271
723108736
18174996
26909883
129460495
57258519
682519698
963419
87460494
688485084
20418969
230673514
104277765
214921140
972481
362009978
188333
760111641
995443
527921289
218946
360541
252002856
240594228
577915590
349191150
126190167
140197308
198089432
68489590
49708790
41487250
58227493
629158215
197837367
150792012
398989
742513
105656642
190116864
490741
5516142
969599
243811120
203918750
355814046
64235200
8033580
234919035
497597
10676400
519574142
922897
571477
12967350
167772514
467903
563787840
154941120
234063893
534159826
89721720
11151360
718858518
23300590
176631600
27091
214091
302202918
55903
258871
170304420
377129
949451
523351
48082896
390897689
61695036
9602868
154035168
392914080
378901
12762530
559081
42657243
289204560
36248956
23096370
740893
491412880
808439
302857
204775417
85627
297034296
48050404
253774620
250695050
40158096
49911645
95878640
353126928
326178545
59365379
139510249
356015640
274379984
190128160
293361678
369552375
619373
436477
9180432
458317
73125632
171844200
607219
724547
20743
577496520
87173241
720147870
234319
705031
579547368
5446584
41877956
211590315
357229
246986039
406570929
31472855
88983354
339886525
305339
65033584
576723630
732617
11948280
147962008
266701
74231173
421723200
1133370
259751
369840184
605987220
1000000007
129069122
60127232
668149047
318751
880421
83195346
329207
654373545
127077184
633060298
739540800
910415608
829012
965855160
942763
500934680
563335616
567319
611535296
162853
320861
530203700
13361316
174943
10701278
544095612
965507
299900748
382553
10712890
368111
148627
93229710
755351
279221499
41609
46307
177925500
231409398
45376212
817951
75979
53739300
65348170
703447
954379
742507
72762888
2063
192637186
125089716
514848200
35447
853339
260068652
223282780
164262220
261509
741304928
25356942
111348720
23975622
795302820
91263116
187711
237572625
109990857
650494131
477985550
158365740
25595503
18909744
364016990
2997372
414505176
642937
5456352
25841
7013
72544950
683567
15696250
23251440
7477
715158550
11133792
96404240
319441
646464544
275267538
848747
231482979
507537704
538027980
445896864
812717
655484544
656297
318682000
159936678
78461289
126778976
383573
236263918
362410716
474903396
908419
673874064
554482113
333853980
230034975
115770060
524087
774425256
552841
95680788
26717
74684592
474877464
195273200
237669847
92704823
62008452
472859
848186352
224297090
278541228
68077399
805747870
17939
247279
833057
443867
5958381
532152900
220778838
42609819
147177987
28279860
289000130
130964683
192657878
663768951
416037250
779351
219782704
297355392
174834630
167904009
157569090
697261
607297170
206196198
259243384
413339899
206027
817152950
498643
146999036
562219980
395687358
59077
18551783
206153229
256607293
769610588
235670155
186163133
80994329
235243
714552533
17040090
781217
55479552
406190
37400734
108898816
46523
830053692
716707
429083
171539
132653500
81505200
661426206
320149
210920490
267029961
3899034
570859
41900696
217066455
148523022
958687
799979
18501184
11881782
907433
385159
503962200
128119
416870337
680809
104869
458668845
862289
353337180
59690730
119701385
266051
103764240
807241
240804900
580899072
948267964
704400102
201973
726641
66120600
929239
947205714
2073565
104016645
275933264
7013160
509239
370261
121632177
688661
87334474
459811136
106543
66183696
227459
788258484
64367030
879391
183926400
902659
784791678
117748791
193216744
166414854
435387461
91873
37184454
527792320
281243
51252280
341656776
104873456
25821114
426917
288079860
403783
115611759
224027082
25930380
123723808
13122956
73091
151269230
594793
14011140
982738192
122230464
13319343
485748300
111154146
464923
2941760
693571
98627
98361480
15917884
180473
17636531
659917
27076400
387492455
227393
633892689
660014256
454629968
81042318
333269
14031158
155035440
38266494
849395484
138349432
460588626
26540988
470228536
123587001
327563460
477091
69804352
7080076
154247
688304750
13304060
180205905
366062708
21748584
496283
503868440
50977940
92131466
58399527
741857
923903
406928634
18102028
67951964
23246952
387237552
475774880
341890560
900803
596423
246987168
467353
218827460
870853
909921153
97465692
46718370
72499220
560047208
15107
403090280
149987255
331438539
145042060
250080608
81985377
939373
497253492
6753250
393548628
140003790
335381
516516
162269
70405464
375049
401682712
75241363
549463820
97867686
192454360
431213
777061365
652584836
827504840
90552000
70312470
133070960
188417
294040446
179472930
148793
12558070
253690368
149343480
546771533
160373984
128791915
978821
143252928
217214312
231162360
270551
842279
70444678
94732755
1679208
57099446
731483
549285852
166664142
336128910
59547498
219075192
246498339
892559
386702160
938713
102291024
