530
728026911
89123342
411727
213543715
377967648
680809
761670801
335507
78429402
692771
313478104
798738800
178261
402793818
268554
2566395
10514108
24820677
152353880
90647
52509600
176662350
130170120
318023
176522654
110901363
112079012
342319
407531998
613573
736897680
615299
654140080
467633
670267260
755737
812043216
998497
306407
745741
759697
19079376
904181
183031792
61491894
837191
213721
323605992
137610678
98153223
13607226
49157408
6079
340913
270844714
532008198
398870616
135151
837307
99097284
194751558
184157
94169
322471800
390215427
963367
26216295
967781
377791565
604312004
14719965
28024932
122478935
391104
586841
539803575
164191
597474675
83857
40249651
243479
2896074
247175136
267115914
34687290
517901
551569
3918991
137467584
666185520
4249584
530731
75112074
9750034
399645522
227858752
60933150
9431
21665792
358518356
92996775
778945800
41600356
276487
806724204
272284640
965989
486946846
205687504
598031620
86717202
344956392
3461130
357671904
431891
684121
15410328
154593692
490360563
287976654
490271
652699
461026192
96076650
394633
484255195
322963540
72454415
35023
126250496
306609292
41500085
266926956
71949276
20035176
697629422
771887312
10416902
885127
621869
173647250
11656956
245626965
767029
366858908
887941
39489206
271489
755143
70288974
0
823885988
662627394
966617
406406456
11497
239719219
46962747
513258228
135029
130489
198647
67247305
111148090
926251
135815380
606413
67006740
72883200
655371123
710491
137924667
619514340
619813
238301848
924073
407347
251672166
512924115
37256890
142028128
110073476
16813756
880703
64198710
823727
49697
154674965
16893910
590567
31319
356064336
224669
828601
525301100
82009684
826453
66182292
686370190
794148145
22010
340163776
308072415
69598260
880264145
566575360
263885724
618831387
65276365
660648849
874397
1000000007
734263
39882044
990151
271624649
38704640
340737408
700877
530293
14327940
288212388
207694344
448069460
288413
95500398
789367
70662925
264616704
54793360
417627000
28728578
40704726
345227
16583070
742414176
347017725
631679
1207152
34883
260339688
15619
153605025
6365240
810964740
803119
31278390
231033141
98894986
588699000
645809054
544891215
554976558
57962
539632416
486485460
630529
42435522
56311680
422899412
742909387
31835635
848797
221205600
883193
204487
82883840
925447
252767748
305167786
436567440
955039
28751035
503638624
148226584
300043
68047208
43767301
849411388
991229
294523
183593
113167
115193331
899291
65654888
596659365
43452761
161639
261392865
195973
309662000
236728885
93601
146389908
506516630
277251660
673579
3813416
88220442
199967
417722518
303013
27409
659486916
369072245
105009606
27478314
48027135
744484968
185112194
221386860
172741
151051
313477
7721015
324979
640019
218377070
132335546
961073
586897
249749455
125181040
13613886
40565180
553471
19372644
9779364
418771
681341
553873
485567
127607
636919
391021482
63828506
248407
637797342
383028860
115079
367853
556181
130551788
158745006
839443410
172225625
667801
278476456
31504664
35093630
9986730
159403
30555654
457547
182627072
749938614
98413282
155895256
454507
77358660
65717484
352550310
145063
135177858
391918263
997573
227748960
38363204
160087
228912138
556892375
68073115
537496575
50890147
157447098
174037800
178576896
161743
364855
459623
324050716
42436320
853477
104649720
330194376
816166632
40102480
20076580
173021
518296845
416821
234757458
413813728
508969
399585576
343750533
498457376
320237
366585984
78071248
417447225
231370064
505537
58089040
379699
424980816
704779
251539
417592560
25050450
292955259
378318710
7276214
63137088
119043360
113830713
309187314
127439410
711475110
521051
314031468
428809
1213485
152311201
150537900
183277875
655521261
412019
776969
570699760
213400557
489658405
37241232
64956722
711049024
11186391
977593
272403240
56583450
634609
78281138
914501961
584509
267474864
630893
558690781
704287
971353
408347
236563418
515276629
266052953
567291283
495643370
137089
998197
367841
17131212
156471483
308197450
283341248
58056024
371850108
32496842
165476815
266334222
20389537
44939
11387484
1000000007
82738376
595822378
50716484
443612080
113402680
30011025
572439594
339769
694668150
48316064
222493
472261
712628716
34796864
235371272
202011290
591443
290459528
874721
890437
13111000
762257
488460401
611916480
415489
467503
159844217
253647394
70408638
375019
5417
83657700
832103
75718013
58167342
57548427
21377664
73067852
125789
131409851
428023
83773
129680577
513679
30538600
111037038
840569785
26596407
78157359
624031
20072841
283419023
629747
260460108
186023
45281
250181208
46727
44489692
