970
186365190
512525418
921941790
262269597
97550568
926251
425273
866353320
198710820
48324165
433943
9307550
56358352
22528040
27943
83142445
756186618
403935774
552107
177267167
222090352
46751
185690100
222644676
657061405
60415906
253011410
484019
205358598
96587
41531022
180139612
57422214
463959879
191124900
389173
166208291
810967652
689926052
84129768
146697766
297180954
71869560
186144315
90602588
6964872
8642790
516169
555691
108888967
422968620
284685602
716063
619373
456960328
115677120
273279742
202484870
70478156
522492523
357619
120897327
248719
26019565
658615022
213584192
322742808
128607324
312344256
14309110
53721360
252589
350432694
137384250
214723
365201508
884591
367391
185821600
255351762
819229
55899495
225309384
706943
106155095
475997
777627990
129449735
776892072
655331333
190462140
65767446
607767600
720019
371442932
263806875
914369
783571
477899
334993434
654640246
669729800
214800943
574083618
436666230
975151
14095242
96032168
54222477
232567
1000000007
28951830
113843275
162149895
310483656
32657405
131267
17290410
349074960
206411350
505327
401077
374729
93868352
37336200
494650274
888691
121501
341809578
299291520
272445662
957181
12564972
344360040
439922097
247301
260434131
61008373
2905239
109547
159625889
213015720
156887
865082764
78377921
239628584
369900099
29753936
400791690
830153
70459
341244482
413530535
6000242
339787952
755555094
276525382
7823958
87624134
53320330
91755142
860105395
3231520
241790184
961067
479209748
28338199
580561
41647
472322556
373887860
255961
528718750
719633
57225432
341491
18901656
814859
419959
210305401
872099
667607040
750829
237884076
97166380
502590420
190634304
3445527
188436930
592763
85976576
243876373
339459300
495396072
8205120
921576272
149902830
519067
124147
552397
88945485
234295310
18995483
64890730
244932693
587959
776249
415202664
666515312
515829708
208495278
148270122
638055120
56888494
905306829
71648304
394136108
307968390
745027
265683831
6912256
937903
140295269
922169
287806954
143893925
61069680
83808500
81600480
366313
151408744
83191875
262901
891851
598267098
241028546
152203881
4067210
8946528
327107154
163311350
112102400
209043583
546101
274260044
333439
663071
641213
598687
371797
29854440
191935653
611657
686357388
646954430
543892
610966098
13624200
193746175
6617642
272375406
436162304
533778665
253730720
192749
452858352
349431148
112888215
117148974
92107
845730567
728019016
32124356
344429
781867
686843
774997
276443
143743
277581563
529999
271597
106663
429296616
595379
258335508
54632350
124769
929977
923580400
84032624
581914022
723122442
285377690
493213115
971029
504376884
62805351
545862129
484177482
243527
138372822
135071739
825193
378151680
480749
220161370
378487433
596359917
409831
764977785
193980717
309832412
5103552
380533
491286680
517501
188901300
425218123
22672194
203325
17027
256841838
530369658
54800372
350963
79768500
268621760
672127
440932443
618029
92085380
838813
6791
22921
634270928
99403019
898203222
964913
137234034
114244080
822763
533693
141264810
257849500
123926592
553492080
117889
828346015
793912596
72835572
595957223
51457878
170483
207643
524022294
601283
33005312
83446218
703231
144167040
579370059
170210205
3819764
487873
189229
291093390
502908510
178679040
414109
594536580
368219485
653272858
146100825
20618500
48593
403261056
42580370
764587
124823
81179457
342023500
433357
34278255
675538689
199398624
36435841
189258824
144176750
714083328
27742050
15370080
22391604
22580539
29569458
24736632
463805475
161731
66047
789857
57787640
433376074
15508042
405233664
73438215
515048418
103246513
580631
802471
30051502
263909860
154127
298188698
103952854
410783
73921980
405951908
270931
112072252
545190716
320638116
991031
81492894
22485930
732479997
688411
573458808
270984504
27364206
44189278
848554785
397237
367482981
204797
748541
22273
110237
174539196
192205408
248203
50789
135119
152819030
435391267
691693722
162419370
972611
125071632
130469
371479
68743
322997
17907090
9119636
698339
936379
749572512
134437
825739
113898024
154982919
271999292
31455600
257628735
426497751
744702016
712212445
4163338
915763
160261023
527967645
809995572
35509635
987251
424797498
875787187
980831
439183
247393
911861
37852758
922003984
539037988
512429
32698648
445366180
207484173
363781416
180316935
71393336
196085472
623681
773251
513307
322237622
470285932
694201
411721574
996953
816709
639203616
689876320
104246040
696413
715777
755309
152074860
563713101
131702502
379573
550656860
188827
380869
743549
9476824
382073
282679
5647
946469
99563
6623728
144155078
73051440
303456483
336832
446832075
339962022
194133288
182777760
445019
183263268
382881488
253773865
342197
852427
112187560
554209776
350331880
117027180
163875114
128950920
630768792
225161
767633
79681498
687921600
698502494
154672362
15649536
543017
634871
182319480
131332668
1437060
25670260
129127
62428244
57014517
1229
196778880
233936301
90703
55349664
319931881
24622248
121883652
253867900
192571190
92106560
214913
1388632
644377
231438870
216270508
44285450
518476836
340925101
1867
29527
447353
19997
114410925
343442715
404503958
687139
935593
385886389
608029942
50052964
331993592
18211
581473
598631979
832969
446367474
341962866
494387
21481404
693409
592489
172009
148212111
966991
283716648
701637860
36107560
148869392
254662064
921787
349968540
66383
420779
656989
109799288
14820637
201031
396407958
11047885
526499
433075590
307476192
91477004
18730416
537091
790121
432479
431929
171791037
147761
174796928
64557500
615599
436279
45827
566089
865616464
126117580
1381040
476784162
53166176
143388792
24882333
113389528
259583
76552195
952507
521318984
91576953
294480297
484165460
956090553
153569120
957823
768960
82599342
896677
199289
563486968
576227
58493680
60667836
211186096
817729970
31699
84301113
427641950
590923
496039
368154851
588649
318777404
65127272
52859
255251
629058118
110422000
290679858
235857685
446657596
344039
661655400
72185841
942143
36553378
230449795
364337
988417
16642932
47977
716362905
653623
109132857
488009165
478213
659905239
772996374
306152612
970140
115399648
584497367
53517285
91116432
491962092
393435813
31557030
965249
950947
243259
888691
372715707
368551
500795728
294632910
233025444
671809554
1814414
158907744
291264816
970147
140738624
136309
844696908
450301
154837802
134489316
973891
734990344
5021
766861
515348872
400093
45893
6261336
88148209
546472650
279047808
85544622
859736240
144894760
545915084
277164720
990469
498770965
275638119
735966944
546731
40488507
254442790
12051011
427415472
193464531
634829657
97580010
980149
390218196
816169
235513
48829688
344233123
493433
352578208
124857964
3319294
269063
548149240
586897
511750880
419146370
98627
111231186
603689262
20929650
844861
73500873
551689
447939294
727699500
65111
611671
22127255
661251640
312185726
728929
249539
162772500
54702272
365373440
87083
92435931
570043
933421
88676735
249328142
203351
340590888
11449620
40540338
187175725
977357
625945668
220517232
337392783
502782345
90754958
59385910
508213
767017
140071
5029640
872843
711131
228943198
214507
7448838
552612928
926183
24899106
816869
54643032
214592073
310032235
537934748
630281
676009
340044765
434811099
558138140
107222976
14723
37718205
361035400
39583840
10705350
495725041
909031
244072722
921676239
96165960
377459880
265978086
723429468
771011
416035191
665351
164724021
973031
138095848
135856494
293351
65021040
330347
525913
327071
157837
248207904
451343376
117495840
438660509
387789714
349906336
808369
240028380
15056038
207363699
730753
82793
280927
890237
2375576
127506481
166812760
212473868
302741065
3690144
81847356
170501760
97258473
55304984
233329
167713356
110061544
682965360
667457200
317181981
179333852
412609
591081995
197927
189914984
8033300
372839
769033
717103
995783
465641611
675253
3137520
82308663
96763672
738412272
118103482
640587375
764969
49627
173219186
15533640
107467
837611
474520185
178551692
32281760
643129
333787
330329
230017
329025312
709481
5281
18196272
338166786
11927
785156670
193980600
659579064
687383
258692406
405677
5037582
417377
31883976
406583136
709242116
101018880
9935835
367649
481568596
458683
88348992
182614894
251761908
44912637
148108598
215428392
445348701
964450916
934151
270259200
226284825
35084158
668999
140952295
6679
262272304
131927
600157726
451987
768625396
518867720
8890206
19961172
149272816
46287360
6750748
373622004
441711525
693820614
925279
186517539
929296052
594499
