630
382401375
198397124
138616798
275652
104764994
142626429
431363
611230740
857603053
45584988
358628242
42787
336462906
131627
624859
162783216
92057196
434824368
13245505
699649
138197
122020572
862879
514177880
34456418
84215920
291653540
664839252
183571
245683840
70816400
280868542
417860001
566347
330607
994691
794449124
189426250
920323
537713816
263781972
447641
591178224
93033630
99234906
200428910
383701131
114517540
49677360
873091
42742288
78595776
996781
66272724
80273
190579646
167209824
808124460
167763796
684458950
72204664
764368
777787
362069
147960720
485665
202191540
149302569
110551237
555582038
231829380
833057
802979
793967
34812750
18561939
113997128
31073253
459397575
168195650
220501038
522281025
651296235
553477296
287683032
68462506
774313
35348665
13667948
175667303
748093
185453840
446363
583641506
263651
119641461
494789
23428958
772061
175753
628561
429643
340722348
49394838
36493897
403607
588173534
346657
206230420
297085296
1000000007
494687
474610198
497737
115552000
61260129
253416072
901973
63909732
130597187
708479
177255825
434930860
84904825
519064980
621997
241372898
180496288
349399
652965496
112922964
237607
42667548
973254660
21136455
310049
777769
303677830
163524957
606295116
111457944
460102126
28229880
556697
368781884
375590826
25025416
647557
301671040
1000000007
86477
432455408
384254976
112238187
42040640
103868370
545543
967903
300491
686551
160883206
567569
716195698
112407039
76250964
88285374
29742670
249713740
104642545
595964277
32171310
168780206
299317
390112549
51042920
648594138
10589
775147
44653098
7998848
966323
39226880
31623276
89359504
150991
60727264
782118802
106087216
962450490
199389435
22322262
843889
4782104
531020158
177589
317693
9991515
127615518
534341
97577640
220043240
122501440
28945560
183349
171980664
87774764
117730180
626939106
31583
88801
540433
968329
284698374
320136656
82591
788899230
116507
75557307
820556
294153700
7339481
859553
57132810
23081
577017130
553851452
527081
800089
594749
166649628
109400010
278561646
865253
138208540
314161
55196127
383983
327657609
240588520
70479651
195143315
870302948
228584424
82539950
411041
249966090
776793606
218165649
846359
136325000
399162919
546125884
873182123
282163416
458219
366287
82264672
293639
228733
86958956
21312004
558807140
880115670
673466330
294023673
47102580
392856600
174826410
14210880
780809
377230056
776623364
607109
305803
357169
361901234
198920397
671185269
328708962
489185760
84913
21794388
13786125
321876126
469723188
240405509
261522802
83203
655225322
159783822
787054565
456769
530011511
352015686
154455975
60772646
112981932
2511842
818961304
316218320
141140232
19748429
277858140
14488500
305351280
222354146
582773
465211
306209
1271984
140512536
896069
18524142
521881
992737
14449
884243
309982375
61972884
440922911
897983
259284634
774803
1000000007
109160514
37423037
79421824
892987
899209
130859
298031
11528730
738757
160304288
156817
540181
271534035
34824636
41245
525992222
107843
12632520
713592
662401
311877692
54420955
347983744
204563
894151
29826304
144295008
896983
53486121
918443
47507
141697
17473922
833144364
567697110
2309
252335755
60338400
8443
533834600
462667
356452260
526269420
15368640
194599356
679286572
808399
253746948
421093
176444664
316317050
152532000
695707600
247913
223084701
188831146
14910
76759230
541989236
80196854
718404385
67679066
944101900
675931
847673
606313
867091
206414000
10766080
83513864
376103695
607583
229895544
131707
825959
167641
650066242
13397
438802057
345429972
93798250
191449
351950688
749775950
79018098
22810494
697909
177616068
99126582
600889
53880723
192931200
429543261
9863190
562241152
19055824
513838900
336899127
452537
27712664
777251
368987850
404019840
71075004
287503
152630714
181538485
362987884
74721946
108047800
51916785
24831564
53299
820103238
897301
517212762
178093
258348827
186119960
88082555
273521
520484370
427786674
140406406
220449666
269848833
317107215
21221
774521325
388693
59093
198296670
10300204
405947
196035840
463176549
433651
64679
828596238
201349156
134492666
760807
760424773
67622590
359247744
802298700
435247
144699356
98046466
93015432
405227
624796614
294185940
78939856
7618120
475728650
414109
138664554
272201
375242609
495070906
131292418
71249193
818249
890554632
256125255
427476318
193412788
68691118
757897656
130752916
306727
32789030
597340475
177670360
124621140
801990651
62109168
126229
83667337
113513
211573
128677680
47916060
138155256
57436992
445567
347032560
1185962
343838037
128914512
372774792
65746986
110402908
211516530
493193
578029
431113270
66028960
181559736
674057
759181
450234850
495321652
19788912
348553
162195057
754060200
854617
303422072
203286476
132764409
678499
623879
651331
36347304
150694317
816653
734443
512891
560017
345698282
261619
319694814
308827
644203200
355348944
56298744
90512930
755441
7724400
797869
5679575
220709
71615720
164503
61264056
225809
415406920
14087230
313397905
317437500
101173
836203
694957
260980680
135985130
40158216
470485290
316649394
125175930
692305840
619343790
39741273
490244691
327071
23758416
499797252
58004160
989029
5073957
252559
78262821
135519852
206237
735061
277617879
29349888
15947116
157546464
103947480
899263
167027615
356197
989479
492555384
832211
346606884
319567700
775193
109585026
97903585
118532310
918155178
250751
352073
290590025
134772732
219176160
729559
185614422
681006740
55260975
529786152
861977
41769684
54616965
625517
135566740
406753368
279154568
36138807
127605940
230827
145922736
221471464
