722
191270512
192752176
214771
94698801
137122569
116330320
397662122
883193
584849
526617624
312907644
143005503
5619772
10687
690259
488383968
82625817
341762796
827166296
330309108
139747335
277262740
214749400
254537
386329
213591581
181736408
187951
143272710
586577
298386720
499927
411292440
250027
33701762
183442392
745121630
591137
78553
48352985
18787329
274113278
432248817
45276770
19549509
18870258
387749
52908548
384835215
54798592
522391
8666165
61283
7326746
32891446
609487
208787
905189
617902442
63575980
277894280
701611
205440472
437424633
6131
730253
512091954
135252928
64202389
483239
513445050
348154437
395635176
65100960
96529352
651239
651331
674934288
397283
981683
48462678
888423028
581919178
284080280
587095704
87581207
82147539
87246360
97691055
49707584
202562121
391759016
461691117
304553
114436824
4895744
921005632
19978398
28144500
198177426
890843
765307
501072921
469815480
221059
170231
96360660
704373475
625344390
600623
144835218
266797
270226054
371303
233044530
21969900
99923
263118289
103290861
11641902
626947
513941560
86516190
154933
200738952
949113160
20974560
391712811
530030830
99012221
225576230
629194246
6300200
631469
453222
900821
497109008
210856800
316000081
63072855
361093
621353
150017850
389401130
98237412
88159753
821297
279849216
556939
530481346
471401936
4193036
426332389
75562445
253447
447906983
123748092
9003653
11635505
109098
145884760
57287
632960490
147289
356261
108201665
1775130
121931172
615259
286918224
172703628
675067
91762815
87406078
102492324
6872250
113276308
746734572
922858630
372877
796871
9766508
178228435
885671712
291330558
559297739
89890108
183912092
590242170
169829891
260413968
110503
416233258
546723018
978300518
156073800
121171
309173358
58147
381856594
187090605
117517
39887751
37800730
112914990
740749
191554362
636576615
23366504
670217
77818832
47177592
302555004
16231
19122192
150906272
484108564
111768940
314369628
338348352
513563856
844651
53677972
332252928
106184274
224629
77781924
134944186
946727
28633296
66729590
825162491
282382848
723027942
879353
436307
42200049
695879
40781231
366811
245851
48948000
424903
697259
10353147
262596698
26204684
22091
109719840
256730712
524331360
538738437
46061
100043
479108939
163869549
703079586
643033134
255484194
93106100
102929064
237418447
196251110
543811
148747
914701
22549
40274244
358769
194864553
954626816
389743
505740755
16266432
400404456
104497709
36224098
20812071
118394868
933061
45405684
664669
12441082
99509835
428866550
120500280
652493
112725500
80516380
396359307
10005570
516056905
351343
669413
145969
568751
250204956
405569568
307523124
277156647
12514760
16757548
71745830
174097792
261781861
113589714
972373
49013480
40408422
352965285
666212240
189456106
931123
935309976
60912024
206926176
110330360
245582524
46546566
155110319
274403404
413009
463998570
400806378
34687
372413376
229980980
846089052
124218842
33535152
491299
100599810
724847
896167
1377862
736249
248161
126041
763086
2096428
541682154
153941
587551
94569345
148092174
154730568
73356921
21610750
152837
13215930
56632155
153146640
30294810
249576608
360800836
442069
381087420
313979904
406645290
574439
960059
115163
81045882
557962144
236104792
400417
726527
15442396
433513
138418672
983183110
103027260
923617
496636780
62759700
69727072
532730268
157529232
891617
352823880
294803
155171
991073
858497
403717
772792394
715159
56587480
286519
44519
15204750
722095850
386143
107988936
5483465
30446900
801949
17729904
782011
267184616
27893
309336049
207114026
566289058
206340176
32770472
244926112
79571012
25472512
231762640
374929
28591
128377
257174742
294094048
181307144
104184872
828743
668209
39140256
2574592
185401
797851
184967
188956638
289548904
484315083
887387
63754880
102701
926741
820273
142646301
530732178
614749
831161
681899
553411
756325056
29353995
200171
383604
356561
131431
38552996
131363
14261445
36383
98897
399132696
138674527
88872966
3670992
580631
196129635
665595888
150041400
21042500
3674771
141961
949280724
514949
596179
745037
180347
174551856
80799364
541477937
87732883
294862542
14693661
58211406
557799564
376143495
29237056
211062260
653831
327739
313603
5817600
101646930
51866484
9675000
438899
461634586
283303070
858647468
264659
100605078
687128918
414629716
104233
235638600
487170446
686293
608729937
627547
52294671
259523668
903084001
175573
579632481
214733
86194800
97842058
752040225
85323714
689781834
13763319
423261503
84100380
14866107
510569
514652880
22389499
216319
106360020
139612053
94841
438666988
240916529
48073532
2031148
677927
66751
130058220
692239901
136945640
700237344
257371
113857860
368021
380013776
228197
572303
238790244
411308450
911903
436217550
231246232
71512739
203742000
535043600
612284002
24687264
370235775
419567
343282744
40224864
363557
14363053
825791
521023
413326720
727613
371087
23971
80257068
540871
66697316
80058568
2700
533167
174961644
325846654
579083
561103
370324416
739549
505139
135423598
498216348
215483
71119794
396217
64872732
770069
232706553
215266775
25217960
338133895
58961760
374149
117514004
293471850
891402720
52204960
467835765
667550815
315736932
254249
63916475
171337797
192734235
540677
100500396
57649
637573
761304375
61099
204320721
630586747
555082577
667122690
340939
607770648
392543
153246912
95138475
875893
152551832
610219
144701
301453656
156600054
22549
215308995
118796229
955781
400432320
83477
29670333
877133
188917850
851668031
457106056
15107
5651563
165250932
116687
274858565
141222484
24167995
264791
160390370
35879
436833025
91934948
232083670
559571
327499
40090176
524319075
614477
63977675
391546748
873727
25980415
134206976
254911
25618866
889373
919189
106961
435419
109547
351787532
506221820
212081
230773
453387132
132082216
89774937
315467
560884674
914467
280193606
406807
139483
80451548
452443
432614252
300322155
798166460
10347480
505979
169553
135602496
137456763
143770560
847729
62629257
664193
650525400
252537264
13599400
28935785
390527
242911
452770149
272882142
658001
337369
163656564
282336375
334643946
383923
182784308
92623
144197972
171823
486757240
110731
246221463
446189
295120140
390209519
220672920
318420594
107870559
302503916
73709
63595280
797039
488513415
92791
729269
552635182
865771
386612136
502633596
509681
