272
164581560
321833
180419456
226702378
178481
63786262
861739
16099726
202027056
58869405
474667
106630263
956200950
412578530
467078872
81465120
427711342
284639316
424595920
8993340
132863
490421
10086492
554045000
147178304
895387
221974821
245899
186859
798533010
322247
868494900
235793
877187
475739302
125552310
43402396
237453906
458899696
122821812
377528670
205837
248810064
293644874
181944170
52146094
7606151
117618950
33487
290761676
82764220
109605698
390553248
271906544
925147
117414312
625026561
338993
345109
116534808
505733760
117350280
933421
152351820
94444875
653153
127433652
215879072
132671958
4900035
497303
508159
416531
149921394
3671
425722944
604247028
147887485
397315110
248891
399151
478787
72192676
43202206
374350184
33738410
689869
67943
245232810
115884696
685459
770533
995841748
379099180
31508980
121787
43659264
369976987
358345130
222215486
119617
269627390
711574200
690485389
46197450
245867846
449015700
166522650
316381170
347707693
56473
911107155
213158844
161411913
31580247
242649090
936233
375341
560239
515857
11007256
19478400
13877
161075112
294583248
30573192
222007
352705170
11677
96069162
330645104
40592690
111572152
290924961
541141
522037
153198815
45555300
242487644
585550800
150583
800621
35141
161659134
332086098
50378760
243531360
451967
128288412
8374849
845599
337352796
38949244
128095710
705484416
67475775
563999
228228
262096384
337639
701219
284767620
20357
172955250
764143
35081
35023
92002878
22579936
14401
79114806
153377178
556211346
666857
356196162
217949440
322028422
177779427
369724432
629417
148463064
473022592
978181
481001
1000000007
98927
381738712
517630732
254777417
830957
176956164
112700056
357785406
11919708
542240070
405423480
682742846
79643250
48276360
890083
462190274
693877
648437
972579307
905761
78989
636851
111454552
395292960
121764840
606743
99877
545022980
65509920
427993
158916836
805585560
197972289
9076170
675765117
453966
557803
807949
279776640
811106412
335151906
860569
307774911
576523
144203
67836160
25881836
249023220
208168000
19729840
42702334
572879
12608596
143953
61744969
755077
512583698
1378980
28880342
291721
395009272
86171
603168767
231213374
68137564
86611317
27929027
745397
296504880
468653
233524590
327707
379474914
648379
781607
944024604
209544732
274801675
105187824
89532132
290531
443732032
710050304
344307545
495767760
477383
758503
