463
23663
81797318
141659440
807586304
268767986
275600801
5237
103127706
663979
488173140
83861220
282632070
56453409
147209
192029
336640050
304736894
354815681
45957245
158486571
324251
52235660
819473
86689
83058360
453243000
440136396
374959980
742457
75517344
386237
104983474
63358731
549433026
630243622
857822007
692133510
402379
977149
170767464
936937
199134183
948288180
126761
6353
850118394
244499790
489526212
868279770
400943
12021672
384473520
189199380
160670226
967259
261509
373513332
1000000007
718399356
223543
203777028
559313
743837
369991
797192382
978149
70354332
174574840
115134700
724901
253054620
72234207
250434752
751997
431869
64893864
83783700
1792432
950149
3823909
108893
146364960
484423250
373912297
367708376
217520732
169380552
271451
450916004
118633
765758572
18082350
657072384
45550098
89609700
42228408
61374558
248702225
123351375
64151
678343
182284542
391404156
496301826
258263901
89355240
129356530
159508976
385354224
54641957
535061
198017
653083
232085880
269746940
367161597
222760461
232919
266718534
93413164
7588483
205063056
719
176591
330531030
54714143
587895750
209659
253447
325191280
535727
27913530
283084608
250871712
814756
171267684
763579
148229
659473
73873857
405373
91909
357978561
972231960
586363
496220676
40538664
250798829
332590480
51289204
127273509
288579152
268892816
158600610
662365990
80642232
19927
964414080
150169
734920770
4205550
373860724
37515096
288490840
767036746
18377528
583081620
413047317
251800996
6478150
869312873
758003
163620576
616409
45081623
566437884
203745438
900593
689461
277757105
130439543
661697828
537596280
71884872
912337
169486722
358973
41086264
6611984
228794424
215889394
6335564
448840800
462673
75269
910141
39249782
658253237
542553017
606497
59263
575049672
104736632
37298872
23556312
436450140
48892416
46434616
632587448
911903
10614088
70957145
117617
330877
716987
879661
416325035
924441110
399555864
508903
641715140
522239
244669
530883860
15174338
275147244
786707
275917
940800
775858400
217565537
427864104
601021
79418724
107270736
513641
666811
206512518
443291
57536453
488329
700933
717917
735617
2237872
194899068
117977350
457277
391217
288590224
70853
120140345
356704850
283913280
88791234
76249717
823044052
122615480
138022095
227153520
55294624
5502696
220266552
274909
556741
94686840
582013
15587520
260130169
47363968
9298233
71551
91076250
420764288
128318608
458863485
20129246
280099
139316870
139436154
295405151
384973
593223290
868770595
637405440
469283
342216576
682063
654877
25135935
264587598
513137305
507977960
282526279
59538552
424777
423853
614219
79050816
91742805
133046274
152157852
826587
17271608
391508820
409779470
442661040
218575176
461921
92133928
45705531
198343236
115079
475952386
37663328
167943174
49934236
538511
862261
4513500
265202850
69508527
267439
99919715
70181
949903
661019
999359
104059989
83681643
206827
5520718
278479
19843
282480820
433883
683737
162284070
546522670
836807
829841
71792476
394501560
486971
994711
481123
122659920
480537400
317286256
251588735
140238020
15877778
132904353
458401
589116174
852989
173851
881522582
931129
772296828
27688700
144191124
642403
313716032
136661999
57074936
748883
209934543
145221264
107606726
325077025
612818678
692089
432460704
113391104
26845000
17096040
412865440
4042000
139493682
612565356
419996885
824779
165446567
750487
6685060
470947
733433
84392566
88752412
619093990
807151
49252984
38266452
187494666
265267305
338573
917327
2789785
553561
261126868
103529
21996660
616729
750487
79315736
23723410
545579
259741390
181508364
106538660
607901880
27748348
128501096
805214816
211930776
592919
929051
109985955
5770428
73484334
210031
106800239
570111192
335473
234071274
342564200
846359
724487
620247922
461605095
887101
212281429
275017818
776599
235211
694619
826681
389
150064558
68171
678719
553759
185449124
28463964
19105344
371290133
10500335
169082782
113468304
758630628
240473
579465633
461235028
547369
690080326
40065942
110387250
469538874
800029246
95467
671917
11803888
