902
351330520
646423
530177
192949
624864547
778061
324858998
49463
87356614
501769
824704776
982559
838897
136817175
369469
670594140
230351640
518533
29458683
850537
43543
393993530
135266820
12015360
729947
359377581
85735142
992393
585727066
432433
210255914
1151
151643
109315393
235559
85089792
125029
761009
427656887
48423132
803189
317797440
144337310
474646952
134075788
250641285
47963
67363755
7587414
727756596
148275744
213363108
18093954
474337
276323069
159931
651097
156947940
711749
72419872
600710351
835937
280542852
272267170
603461078
362966120
895387
647837
656263
251014039
1000000007
267877
684191
299643825
511351
379602531
258443
482658411
582181
208806602
197201488
284668500
883397
208478928
101618967
799363
759193410
13949192
24057924
567059
114242747
730384164
476081
66382400
283192704
203272602
324099949
480401031
146359
531901
570131
777297528
405352788
858397
844903
916679
214381
269175654
436831
79609
28057
44175744
503153450
504683
565909
539515260
160861
713180160
596263012
81233262
70942935
528136320
64197870
849601
540932628
368919200
117365328
277770368
19913
191975397
161977
51656778
33843320
386689368
26475093
153313
305902945
389894103
11158460
298382876
174998325
781043
155846460
654671
155983314
394673
206483
458225408
11340630
127297542
188782750
206749
14548196
997741
305992512
101119
493243
42778110
603081517
89980354
127263024
288692576
339844740
576955170
747890840
707683
391121748
275525592
385081054
44818926
438833
517487
203821
341227
458483
339794334
987079
325189
649807120
822541
141582792
803273
186015312
910127
617182280
189493862
45891549
55148650
315588490
714002016
348011
552491
129982450
630145280
657497
727822069
253171404
41522272
454811688
697201
366019
749347798
189070981
554969
710849
44111
132885340
786941
505066221
554431
117532719
54013722
64109
480178374
246785758
998273
53547880
154907722
29192676
688531
22273625
58166360
549985660
30374388
258093427
814197099
107005557
488671925
608267800
153269
48796902
101814676
714040968
225429960
482985828
181439
541051840
92165580
554786542
11186424
81233
23898280
123973806
516563
688492374
516113484
142816245
301731339
51626604
119225640
38867
456367
153847320
351461076
976727
234332952
61940088
74693960
533857
190664411
39817696
183811332
28440788
399643112
921737
250867
151862544
286651
8329
664165379
136632640
134808474
206630358
973081
563599776
30857305
365546261
140171
761431008
269429
125855872
91129
15231560
177007
119598483
359439255
606672117
103951
799471
298992222
521009
497902674
362717
5296313
668217558
49406919
26312232
27214892
980897
377392119
32728356
154389393
613303784
26666999
291853
204627924
664680102
326398312
475749103
163403
372289
1137696
318789016
589110374
341771
562691
140993244
79017768
923861
351077
571624040
768101
129409299
385065750
614569
98577510
757543
442537
464079560
79860570
655744484
327705284
722604740
598371780
678607320
146830212
380242674
449612311
291048125
757045388
260084700
751579
55763700
683437
729068976
242654804
242989
26573040
606959
397591
745654272
119183014
394388820
745573
105455016
199819
327541825
42524157
546631
542256371
79508181
454782108
600167946
995081
9075231
179013611
914467
35035782
51601124
518014926
196318040
466434696
41023528
459305925
325200000
94960908
162731
296783652
102329
272455238
462760690
490448013
3573816
104129564
37762681
38228970
36910720
444501240
133246960
288493
24251805
2458306
205521134
575722500
230393
6964945
273490460
48697260
81401
186830496
412819424
483130995
5953506
48353
328555773
882253
540334620
149921
796813
41284640
514813145
23111772
217211885
592629945
23687909
725009
792037
532919
131431
287111897
522206325
3792100
885931
593473
909829
528137
129626707
204857
111256480
357389
720913
656652044
994626600
613876428
452537
48135024
504623762
888833580
178571
143401
317489
660179728
46212868
414031
641909
412304040
45439
725587
58273875
27762280
6507636
731413
277261600
41442711
124295864
72376320
723962118
592307
56846820
696740352
12443625
109136643
494089284
176345256
88061886
172157
3969616
591509
111043
88263054
8147
307460256
59879375
665097004
44266149
60277108
105952131
848457448
663541
24045294
134837
303856588
460349
97302576
33346980
188833
350485960
472108980
489615360
978871
141234336
67275048
577109268
32578405
77969
96457
301994000
245179534
168364998
844078911
319873190
417309322
137658981
41839630
827184736
129762333
465044794
5859434
431447
310823
205397
542713
316590650
487049
77946336
139872722
126045888
64123
114206928
368423484
61956576
382777
31189
384049
232880694
494993432
333946200
574955024
155971590
225382430
338098350
218187580
694091
405904422
6248242
634079
619451987
270844762
158340680
284869470
236094636
291283100
526933693
44261702
29722680
79920610
46681
15039680
564149
64165575
334031
847875582
292601
6420844
808981
18433212
4957952
846983
630318312
365693124
7249684
49957556
239842776
64523070
963581
222161
621251535
89627
118714128
7130088
774901
75625970
61813
60697420
642833
141817830
329999
519917
312192552
750603648
181919
88406388
527071
955891
66847133
310215303
120860550
194804054
270591162
495421
623983
456091
253607
220621482
50628480
726162125
274271
656216640
104745486
369616069
118109874
216235230
32027215
215102524
69696305
560681940
237688224
399591364
419821
344470293
236869
23693706
439631
860381
127930968
352714200
188958432
85183446
40890438
334681
108377
38971
597131
155593
324577320
602381502
180666183
65558336
783533
874967
360449028
116787360
301933170
311687
519427
702539
417997
976639
219577
261661080
555251
40590935
57713
9416097
56454919
122441130
588159117
576949
646981
130052964
24018016
203036526
333941
106860740
227182956
49434140
365201652
786602714
27677346
12911
158319219
19071300
818569
521897
397807
202987
961777
223331
146122004
411367312
14659645
67111353
357089166
464813
940815505
88904865
352837
371333
505510488
39269736
190885860
285462512
181903
523553
707900180
8502865
343128960
161969
63297495
55301376
461101110
585989
472888614
425603
107339
803027
106753400
31913000
528907788
22833631
789101
596317
67904635
537497
45296160
146600792
683755341
658080043
400753
184558465
931901
95661358
216422584
108496584
18738445
69091540
588480160
769207
79085292
434690971
595139432
975049
449277371
304961
51853
559967
106541
575989414
579877
779413
47831808
958012991
692371
701621
142272572
514433
21038800
728701
473197
1104422
79305087
93505230
119027
168677
40093
481308148
5322822
17681664
399583
247219438
272807
753388656
582013
26385044
304143624
152297852
211310490
988007
633961
145417
214295081
560240270
516570388
241777755
451207863
419401060
349852320
43115100
400125617
136701131
651799792
86779840
56269
167987
6752500
46884936
167731656
206986560
251611
798221
651811
27313200
963301
142252732
746413
639771860
457525638
490837
23949968
85658346
258771820
46219
368855617
550027
366880482
461898968
395032008
232079286
173120805
225451382
354732540
884651
909203
528515559
126205695
175267
129336130
109841
109341650
701261855
437603985
119980232
422150674
218906388
2204712
345831689
36201840
518724480
103202067
65867
407359
543203
132657595
9203266
471654540
738643
330829576
284141655
998924793
455537
256379815
760829544
24721208
37355080
130787
59975552
93683
104079064
102988779
5103861
918775847
931691
196804530
9618728
102991362
958259
218522408
74795006
248309
207241
439129229
136063533
494783
359027
270164880
515639
436571
541381
697457
632910194
391801
2674060
101127264
10272781
69351414
896111
646025886
557159
770067666
235417008
20627
10232950
105529
656770621
1109612
499819
345733
4415493
10781550
188834424
210256722
307148484
761051
60017
624277
127042398
677041
423028104
185334850
801379
22300488
174850787
56212056
342515130
307831
714037
77763772
99349
71274060
242413
654603741
354286026
