297
347514600
6951492
201519780
254328696
617657
925517
173454897
451070690
157189865
166802112
520382534
7571375
546067
6370092
44892008
147075962
218839
755903
332099
530063
332179
148747
80460184
964423
590077
607813
238628638
441078736
518737
665665976
102060027
53385277
789857
190607
369235480
427831456
135701
29396572
154043
49368156
978611
454331528
114183508
58972389
85751
920399
40758344
7477
316699824
948533
308610456
70393
659252608
452587
304033184
17799285
897019
788426660
184571
296782668
558102265
260338680
49199
894589
41839329
326064000
4820894
259867
272817045
64015101
621757
304763
463548880
26950710
482803920
687296349
595039
400201516
54341625
103787
225210875
145742315
481382368
64884960
151273
279476400
1794742
261787624
49483260
10416951
579805989
652095978
41577822
737750468
91397
849804644
85405509
38815434
61735050
457653504
94693
200807
558834930
763573
514419687
597872772
692192946
841069
524318820
784039
311155616
249690740
409689945
55906965
467894583
312383
270133
10702762
123680322
134358392
185467
19531824
159427520
70027902
46889
344028624
1000000007
609443
609852600
297124080
106583642
355133598
266804493
576791
4055751
204587
913247
702881
758453
765984
30209620
99153748
166696101
877843
114098979
632321
193891
4547
604349
10738456
476084949
382404127
232624268
507394924
945787
728449470
452501632
453227
266417
146111847
925669
364812588
292329892
581838810
542387110
403156440
199182890
61280472
211563200
65957
679845976
7535616
559040192
229171
295429
40248912
404843428
396997
478391
161881965
249311
408936780
262320618
728609472
429445840
554682128
522315599
81264717
142055273
347513
34880128
167149
301979
53679978
476681
261136221
119763036
66148586
615749
568367
35174260
81331
160431823
179717
432912361
8200722
416751724
590181350
549749
308866359
407489
531864099
6212024
19457
521200
46703800
636304060
308649000
573372633
220771
405398058
182217730
121301180
961943
399647
258803
414991
81713522
149325246
108247828
13434498
133174325
52852904
424163
340663680
415262715
825547
410125680
546353
509623
945671
462871
249519305
73710424
872099
27998429
246119
674813
115222906
196519986
250730110
730938473
323643270
310580208
19005792
19075098
573011060
264378577
256169
829947586
615985660
521267722
454307328
474043
703753
10861066
322193
19398716
49120171
119520856
74332538
571433
121943360
441540927
61888640
678941
99376677
179196840
457517
175919
172147794
235577715
214540263
290574926
826667
326422782
561755712
313156800
458453554
20241755
277048068
186037
716633
81494694
431607496
43940424
912802655
