820
34536
19698
35608
4276
27932
2064
16146
47440
51254
4220
36638
27072
16280
53428
39388
11218
1284
17934
12144
46770
64526
10870
29744
9986
45558
44224
55242
47442
20002
16228
51438
20280
8950
34256
3444
1744
1860
59436
9984
44222
8246
54692
44088
20674
17324
15660
65112
50364
39730
17610
17260
20012
44890
51042
3310
21062
33712
41210
37614
17524
60182
20862
60354
40796
48310
65040
10276
12394
4458
22732
48096
32222
12700
30484
6906
36680
23476
7756
62296
57500
2812
36658
60134
51118
59150
22428
19010
5190
952
12994
31716
12962
39266
32776
51136
39036
56828
22596
13178
50326
9824
51588
61182
39106
63548
16730
13750
22116
13436
44454
3114
1410
562
23510
49708
36424
41464
7860
41342
19728
53730
49836
45306
26862
59866
22678
62522
46252
22678
24314
4036
25188
43250
20960
47530
20856
47076
43274
57018
16162
17112
52426
58398
41342
30372
2372
60814
29962
42728
2104
36848
50358
54780
55620
55424
13412
13644
4276
4224
22010
18004
1222
9556
4320
50164
45424
7478
58384
64610
19120
32856
19094
50068
1352
7816
2722
42530
7696
6496
46854
33966
42938
39658
11078
16340
10012
8392
18970
40074
34292
50144
50808
2310
25652
25722
16158
27188
20424
8946
29850
39306
60126
3294
57808
48004
34990
26290
32508
5756
18630
31212
63306
37404
14538
20410
6352
34622
33988
16418
50970
2144
15846
48554
14388
19068
49110
17796
50222
22144
15476
56364
3880
43818
30244
65182
54748
63350
12432
28658
9374
38274
24568
52104
16616
60926
40696
17330
3430
27656
62156
29916
12408
10656
26138
46384
50494
64648
33340
51394
57116
2988
12040
25142
42952
38162
272
22504
24526
3130
32378
62868
2452
14596
25142
21120
1774
32550
26068
5154
28950
62978
39364
34120
29506
31002
54304
27074
28582
22774
15862
30344
14076
54406
34576
54878
6796
786
51254
41738
8372
22174
39934
47848
9202
24276
30224
56100
9324
62564
49388
26200
37872
29948
51770
49076
58504
14240
1414
41646
8574
57752
44436
24352
56028
50142
19486
25078
11138
59642
12322
62036
8608
64374
23212
35648
20936
44222
59924
47558
56434
50314
35796
59302
44548
32966
64704
64114
16732
28158
8158
12102
44244
24638
45988
6880
16846
46212
11712
13902
34490
33434
50534
57370
54176
59280
13330
14828
22820
4244
13524
51894
55826
11876
18968
19802
57188
63792
53734
37842
44748
60680
61624
59098
52152
59066
23224
51732
19168
18760
33674
36020
49220
21444
15506
36518
4036
53180
18884
41530
59414
49192
62690
29250
12378
14534
10058
21702
12318
1548
4668
29218
47592
19850
60836
43192
8252
52952
54624
5388
15650
60666
19720
42616
21554
10308
29238
43086
5916
12490
25934
42876
38062
14662
61640
40124
23130
45692
63224
49976
36930
5926
44626
948
22466
61528
13362
23600
13422
47724
32300
11290
51108
53866
12748
52460
42642
5100
27360
24414
37562
20362
63554
13568
56574
16834
5916
48754
15140
12890
13494
26114
55266
58448
48822
16086
58728
65086
35312
61588
31326
37700
55212
51086
376
62568
33126
20832
886
29324
21284
28198
37804
14542
7216
15896
10004
59242
32364
54198
7620
5934
1040
4722
50956
27996
33786
41434
10218
26640
23666
23860
19486
35630
35950
10166
27052
5572
13158
36130
40682
59382
32654
5880
37636
49506
37544
48658
49408
32780
25926
24790
46416
34760
12440
42458
1490
64022
26286
13070
19546
59036
49476
41310
60348
7166
28420
5346
59216
49488
59226
57732
38146
24566
27824
9252
29134
34328
50488
47168
57554
43388
12860
29220
7378
29430
11742
1418
9280
6738
63330
32964
59334
64178
30200
50276
33608
1922
31232
57190
51574
18904
58582
47062
59854
3680
48922
59384
31006
60354
50546
14322
42140
18824
29662
39920
55134
36748
6002
7888
39530
42460
61094
41290
63294
60706
57372
54676
9426
22410
53228
24462
50988
51758
7014
33126
35162
28418
17242
15558
23044
7980
19688
20598
4716
36352
57532
64136
53250
23640
45284
59134
51294
48264
11528
13042
57298
52924
3396
60480
51820
24038
47966
62890
65412
9508
8860
46980
18362
17834
60932
34012
11660
5418
48422
7452
6228
60596
22374
12862
22992
8234
26050
23394
63022
50724
47900
23564
28308
30800
45820
10166
22052
46182
44772
35340
63882
1416
14856
56194
57596
40492
56228
43660
29898
35464
8124
49464
35938
9076
56938
28512
12246
59858
18846
33102
21480
29312
51566
51942
55442
35502
11990
44872
37388
15578
17676
36098
42066
56872
18744
30384
63794
52310
20684
8228
6350
1050
9790
26644
11430
14352
42074
26176
29988
36898
6152
26130
63900
47466
45200
46546
47838
28326
34402
45638
12338
8466
16488
63198
22250
59864
57280
6748
7274
27640
47628
57334
27300
52910
10808
17670
40752
30808
65478
21292
46282
45542
13456
7932
59228
55990
61712
56094
6788
21768
26416
26622
51878
53982
35720
18416
53348
11110
13612
24536
48820
24802
44018
27730
9056
65298
11580
37722
29202
31260
28478
64118
57818
46576
43718
51548
1334
24114
13186
33052
25752
13990
9936
4034
58232
3086
14588
34950
14286
28064
10510
59506
15392
55012
58130
53126
25616
29210
55514
38496
7002
6958
39250
43116
22370
