356
97463
51167635
230185326
30956240
92941
302059488
801611
733519
175291
146146312
46748406
2391246
498013
658443693
227919750
125428112
505067
407651
37331812
751871
173256006
131086923
465643
23555280
212105262
274093
197238544
37627590
779011
760234539
374083
56101
30675528
509613760
480937
4227678
529569029
7931520
164487189
623291
9314310
916121
485059
346977631
312256154
313315795
134582244
11213
724303
49507248
997649
45533
147909750
502026592
908573
197047374
48700318
703277
614531
559157
64321404
367823
60215094
170341
47967930
334834886
585721
43719220
300207660
238590954
299511635
822883
91299122
431099
592756857
14581575
24831240
108037
825242850
262391
188496433
792959
153689
822079776
19627704
38039
152939475
37443430
410143
384020590
179362792
209953
518621040
469684845
223665321
637657
130899725
487180770
350444688
95581
150904218
247126506
35692188
315037
270534586
136180800
1279
399097
392263
300427
429296579
316743324
4357
647531
115413872
294289740
111405284
5073840
237689
455999
135936108
867487
586277
944803
513447952
688417356
85397206
397672366
14844681
421009
113161425
64712600
65766354
219503
492419552
749785140
104927247
137616080
9482616
72991136
489113
101008976
66047
96812307
132374016
195368436
754123
123559662
210509993
43719196
976559
42603315
493864420
293838592
182547165
134243
301772340
475720560
17781408
446988375
39933587
856153
900876736
44345040
605629
2572194
248234589
67427400
364345410
8687457
247507289
407735321
3609168
357983
636499
543582828
11549785
169825836
231752394
420287602
359621
181836680
74111655
877367
166063
459652050
4509189
263933
79512030
716897
175500210
109828075
1000000007
282577
478151201
222806840
275573
344497
113702859
86767170
149623404
991201
196799
292605924
443845955
17495440
751637
538860330
249692430
39734006
296962284
229782217
474983
469498820
142969120
758525328
316321
193179070
155229060
4199720
88105658
769963
275993001
75454322
16714146
426637
91522590
2790684
457403
8408148
336521
558496172
158470452
213833
745350480
444340008
23686996
303943986
251375100
244556000
582509
75323
804577
118368936
374566738
569320672
665986018
309667
762272400
790991
89395100
464137
273041895
335032320
549288267
374068374
123504992
310729
517343
305127459
100066995
371936898
498546288
158850834
139516230
986339
17622359
284483
556847706
777901
75912980
41001840
623049725
229984558
131142032
53777
598650831
213100434
200154124
371117568
193771
164741759
12400865
345170567
736577
315350280
213828798
262261278
152816608
205432740
524104932
2489058
588376290
347670179
177979
195313910
2536560
681151
885991
440252464
68777
14149
716621
252637660
162087542
652698640
881417
11296170
121000464
854807
231589
140462965
300531684
140692748
58231
443389
33254199
262476970
490655853
31822560
999931
665239
122318444
359143
55215288
441342720
166770208
27832728
343791405
107120340
518137
358301200
286908766
33403676
517550904
275634857
226099
810659
229739
805219
119156157
234941058
204019
24799
427090224
206551
72180540
246569
293180707
252263352
72503
149196852
800399
43116346
114193766
229631
