892
913694172
753255468
991621
97274850
238019932
21893640
21793725
61717
250259100
144757
128970975
176123
138928692
128967664
607014926
119099
163314144
1000000007
244897900
253945440
418207
743339
727703
681451
8074710
449134056
412373325
232567
145303
810594048
4174040
126107
354329
187241706
676111
425867313
287379316
73570824
42632584
176815195
126275914
246277650
840181
486667
43351104
157881625
17027
36765640
335782688
73543860
951697
419743
340431300
611820864
689806248
24757292
69283176
857411
199194563
298087
5347
560299
401028740
748807
868783
434107
402947
400547667
428949885
22595883
684321284
920705436
490849
111338469
18642176
230488434
69510375
79517384
205949471
45873056
534013
219462385
604057
572329
53995872
8344550
733
67710058
212542576
136987352
724539996
625049865
475330224
128951
283765000
145969
388144008
176143611
209959010
42722652
96995100
97109280
134177
724818842
123152040
599759
253553
839563
27569901
250049
266618722
8303246
824939
687762816
228058995
351810848
381977
264053
691249202
177122015
931334002
112097
42249928
264863720
120077
285707
498163
243479
568774225
483423388
99205808
947381
880951
385997
727327
78577
983598990
696477760
830861
9932391
565919
147857697
366817240
235055618
137802177
234046142
433399
540120440
486481
649689534
703299000
309629
998411
173880430
778559
15405456
17054842
24940641
615151
595939
378935570
158348712
461521500
946969
29191702
36169960
750131
36845256
661553
827450379
659501
459265824
508038960
278143
771703
31161870
66968252
176977
543956721
68410248
480489040
181757
189603888
780465114
619169
128173
664589343
814295104
733129740
835683375
14291953
181356084
514733
129068280
680129
499844321
230592664
454239630
902933
17225505
52776295
207690405
340359168
662021
329729
821411
134151873
799377026
354428850
21790175
688979
745337
59723
254045547
41412696
352447200
520747
201881
189576288
846661
92416384
841157
147221
70140856
631176333
237622122
281127120
423903432
10990950
127230545
962837
115733706
314407082
652759
234804969
972047
74329744
597770499
96176803
93354732
118745088
83637090
580291
11012292
404833169
251186048
334111998
484283
92111
725523008
106850120
291460897
773895306
566887398
857867
240011
310567312
442050869
50631175
237774075
2270912
691343
163183020
39521
219607
20585719
766651
113672042
8655839
55339091
839879
12229272
624787
380776704
276985800
389117
272473360
453329
297173856
92957144
728633736
48809
239370373
1000000007
59190144
425291
33158958
726149
175516992
146544288
112649952
924731
2609
878490151
327667763
93163688
869179
93961166
12611008
885994345
246747981
266791284
970201
818689
185131
260879
93131
275129
6209368
42667
7039
391247
7500760
509686560
515351
484867
291521
611736390
259033
14260452
42418736
625662498
14345835
51726924
535386103
20359
538711
133351
80281760
11363121
281609
407489
173150175
235532790
62255780
122279220
193462874
441128325
123091134
441877
7002450
794551
221909
131619728
13084364
764399
391031466
858105888
758910215
892709
201560109
960849495
35081
157103
196309872
145451
364069
660103
375163
555696546
259274970
132005666
401377600
5207125
65201362
293849136
443138850
160351128
79301
434157453
435961908
45308825
103757069
716008496
12736581
96180640
88251352
169929274
58369113
49980840
595006128
51479706
66919878
113557
508958168
373233984
63640291
574702740
372759415
66019896
626599
487906566
750163
275969
23822006
467209
935537
159979
98317800
90641034
135409
201031
803084618
499973
432121
1350028
201679536
19057527
364583934
38258220
151624206
397981
765322950
132631056
105951600
984703
292224404
350229298
46068120
131696764
10939
88676112
198326194
135059529
192209459
34418060
595247
643009
274783
55084080
496356525
163771
333693916
330746490
190833346
872251
658279
51162174
230536660
127110765
153906576
55200
133632510
195599
143373388
658169
555349
622241
13607390
183935688
191587
987193
949939
299042028
942037
157026185
32291954
160254505
180883
18988632
926741
456024410
81899583
50869848
953039
558529
471969420
567401
111443
266547978
12534492
102322932
316248840
839921
262922023
878099
98251
148342623
193871264
199114905
605641
147919
277259112
451418895
686912896
356096240
73404254
20143
679067
13279188
822683
1639736
242535329
844093
105141360
210594936
109987
11273
87615942
920197
456697
46619
721976499
700897
37441
124952588
26679196
185789
583342592
502086400
432614088
616771200
815851
302860632
278741
644566580
138165628
297881
551611192
729779
738813893
206263
49953072
294373380
127626491
302191
137825600
233375793
58536576
338211330
579486908
464117663
463093
128113710
124739
28558132
42632073
62987
559273480
50882190
7617120
59561
137661098
413533
313779072
381285214
506346960
81639788
364941312
751901280
444487
211019050
75680904
650591
111572370
22367
415171
150839713
906911
361507
266081
325278695
634003
265242685
384247
46583592
245377017
62165790
689164224
350891
684802008
789977
7108180
77692608
79979
332009
7560670
325631765
366397275
503232505
542197
252589
1289503
585541026
963475056
313508673
545453328
117831080
405602925
331451308
9336137
109084566
101207
63841
396943
909253
82555200
104947652
407233
582209
971186975
151554040
723211440
768679697
365381870
404557
198554772
648391
400087232
351692662
5040288
374153304
293351
765497
107202310
276135760
235292472
501409
419486416
720089
398328608
748807
76729380
14598423
213802560
326437
817688240
15816948
273477875
174378575
145335960
955103
932579
145215990
816217
440776395
31674700
146847740
333476486
513937
912979
426909243
57702515
985109
457248498
525574389
74870982
250109
169162104
282383
259048516
15909920
118865966
227716236
111311634
467050188
725009
24317
32482086
43129324
384481
988874574
119867016
749891
451109
362958840
55212460
112934528
481211639
474707
316798284
372691725
175437840
719101
272252552
438540188
303177747
368013808
319258350
442498960
88315409
18488710
949119058
272161936
251593509
122840256
539839
317206288
540703020
105657840
69898374
215525904
520529
81183330
779231
870461
491137
30409892
65167
204300320
55627155
827737
416207700
654239196
442961
599527034
59192787
22165600
517896600
101186848
90285232
187371283
339320826
908617
116637687
230616672
601207
24154735
76016088
296165424
211084208
259769843
786793008
339189495
624886782
154885014
335653
431059475
344877784
684311
138367251
6224265
560246988
168293
198047
678739
249171240
1749902
651331
496767622
185897
14978247
75382290
271375386
175289531
454999950
199373391
366989862
853530810
38336355
20831721
203459058
694957
173059600
20831922
175842608
89681
496555922
689113
63981225
34114953
607219
784681256
230851719
152233476
458807
355090095
701219
787757
505213
134280827
822163
335485224
66914262
365569
187711
110569750
471649
28277
883781
647263
22437906
39355890
175795040
53912443
27428212
75665352
132078490
670217
277598060
227869
10457
23964479
269183
209477
9371348
925721
13755171
128672544
666989
39386416
859891604
5081
237649147
7151
47041348
16467255
168165984
989099
224911
394563260
211741
54031482
455263260
16980796
154064656
58188792
906133
4450908
816091
277960137
399403
46237
29035440
293446720
193183
593119
283515774
462887
191249618
288569538
725985156
120395583
195700770
870341
934603
657473
139813
28223538
276935552
215163993
653439696
95514408
209736725
13755960
124783
864911
641359406
96671
496314584
444349
7937
648286722
238747
71656200
161003300
958023220
193247
486449520
59419850
467518968
782205300
166142392
13459849
531724284
148650096
147033816
37633917
248132410
285346838
37114840
303946308
247268462
276505218
174994120
836698566
42610841
25801716
616997
514583118
808744926
269651
279279500
715489
455141694
386880300
406395936
28616080
162035490
908287
385223
141991718
