657
755885616
57810030
447679770
599410812
623386596
713243
579452310
106488192
19430037
327568360
221121291
111576920
360439
739373
246766410
344273
57179
971153
553789
86798400
56913024
443129
199302236
720954575
145758912
14323020
508742946
284548830
883617702
304842512
779069
243917
581753
667902207
27267040
243381477
369361
542797
55253100
556939
1087152
365285025
311293
35839
6431355
36627900
479434816
691841
973547
121551870
924784560
375246560
221291696
520678015
11768825
472620060
228410122
155817138
758711
119144928
87312147
574279
83967156
241123927
84827
239461
325930460
53604789
498852420
689951
652558896
16805070
271822175
435744240
149164170
545571780
765389
190245696
282864322
15013800
178414296
687809
764623
533063
103130313
513097596
214723193
218579
596963
199388889
147700917
256061400
170014950
56982554
44338332
58698294
285773
83756432
246626310
196993
97720974
247706676
664959823
52721353
67918652
543871
768161
329014356
6368661
585825138
113006130
102241
203914688
657713892
33918360
354270644
544352688
139218506
756504
268123
3488490
217232491
50942216
444576418
384238092
71287
165562120
676682415
308597
347833888
65099
235263201
288481248
219050
433392849
109457760
661949
241440450
405705000
898709631
79438268
376183
733594095
67723346
235369
655883
421189
652390739
442261035
4870845
456101818
135963900
113358252
58611735
552430974
394931
839932416
356043636
432713
329417088
141367496
123499
905209
734105901
896479
2672298
133920918
722791
21349008
313166316
510439839
508213
384166482
949211
155269
70489
522047
717821942
100371596
691921
410029
583181
712532795
206460870
98172272
975174772
98145432
984253
498931
252735783
295318272
656205516
193685232
498331
333299
47365348
991607
717697530
968291
8800379
808169
535133
362892910
673109
4556461
134592546
31286032
275932788
5516959
278741
902333
431781752
492763
78684465
86088088
23507055
693068100
432991296
340387
28856559
806233
47301824
782443
476652993
49651424
931489408
158009
199697
256133
730890365
328063
362449
225167
919949
588260160
63260340
323732268
350305410
397591
233158419
292899756
754118453
373815196
546673920
321045204
452825590
93745395
178973
456078354
326581
93460220
26462968
70086776
370571
42338376
802358622
87844056
559132380
980921
943085676
99182240
224700016
26261
192943778
73651
66704250
2536975
91768068
342493951
41297715
671763348
635285745
609964600
185374701
647587
593059
841069
276135860
217457
151840752
933563
108510936
132705460
96938816
310823
5067335
529829
4253965
289469
75216911
67483500
331635000
429937
199187360
1000000007
74063268
77543256
587720070
204137
103053990
68023
202403
194085152
276977
19320605
32876016
664394951
686843
31131432
223224892
475839782
38005560
8594418
975743
23890860
12613260
595057
71551
19856824
552599364
190934333
95035200
194723
188037600
71267822
747288306
530927838
10094472
268989889
244957360
622157
213721
265059600
604973
47438236
988837
234421902
494591200
128026626
28777401
774919
200204421
167081
546253
801631
136216166
474501688
641594706
73369
516431
732617
275801763
596311432
2513780
449921
28365390
344077004
291504708
148808896
310860152
672151
128582696
135271
259751
205942848
434060920
46163074
348456052
205741872
220204644
671445015
366001
513698976
185468475
282017664
564097
1661302
79931330
680109240
181521175
144070410
237966282
396719
110617674
623872220
54558135
454235985
980621
686297310
559488825
352411
56963088
765907
122128800
52169306
423549840
512691066
121027302
178187
23720148
316332512
124172330
975346222
922513
392041973
105772504
173543
187379001
241847
335489523
858501632
24396992
212823396
43767882
331896375
837937
194779062
598489
824701
67492924
182929
29634122
725159
671542224
326063276
20493344
211767383
101490018
870372675
32822568
38745882
346447400
310070916
823219
130858908
327553
670543
51601038
120059432
3006324
30230480
152017
5895099
425868200
661326568
263621
50750232
68355441
103820390
177533
315613
848843
24981098
314763096
787747
441760708
810061980
553404243
158952024
417997
364653576
53347892
800171
258663441
965770428
178722783
5869044
8103249
654593
732788791
220783776
22653435
10050768
351788075
519943
230137088
36467
779231
204243515
263101
100544171
628757
196139
478353528
669954654
414203
100276475
838169
28057968
718183
483976283
532167779
11199018
509837
3307
794751718
336251
189479
49260678
21295680
60289
364393
544935321
495737280
181363824
128638950
315141100
106397378
402296490
16660003
15032766
948331
78766857
811411
670823
380520000
104107
7165774
269791500
222357312
546869
439171200
919999892
274847
195791817
586129
1000000007
374183516
17436090
669494804
840767690
1159815
11507535
70372040
132404601
315271632
769988487
456325820
250009565
72707
61685897
63901
758159
285448725
11330971
792751
526647520
282487
47681
836047
47751053
459261810
668456880
12108132
176933388
344161
683041
812381
142546974
169807848
240659
672339040
312233951
270304551
338335100
664739
969041
795496296
155029496
136827420
340854120
251653
595941972
335893
513934428
158869248
245546880
268969
8543
834671
5477
706193
328280
363666336
520813
442330910
238728459
14217180
123059
570979840
82513404
34421544
451601019
330389265
55207
137222613
8972631
872257
409848150
27120005
189391
227843655
1057162
121082925
244935862
172307052
825940624
136478914
314381982
586018834
4405830
428683
665643732
249188212
661741
129887
381171456
13967340
33791
7873107
111538040
814565076
851131
230926360
288996500
666398616
623839
48991
267660202
460091
42733557
333691334
390343
418177
20862544
605305689
125251000
196322400
526912560
23801
298869744
92894076
1511740
787421120
78070986
316366880
900283
456841824
76717466
73673200
258246601
647401
33386685
492871
38209000
282317378
131635936
