212
186322194
166706164
19208896
290822016
672147376
10593204
571811
157268317
930323
543624306
25918009
96479
421219332
185477
691063
282974367
104574155
737567
35827968
300830460
146323
113157854
225089
518447
561521083
540157
618141524
634599370
949241
530851
283001276
670919
433408764
51351048
477704850
12549636
69084455
111162012
385379
549241397
958007
698273
541357440
833617
871001
250863840
29191
279726177
442654150
38037930
99713
549836404
50307692
552031
211353996
41229868
186697856
40885128
141601
244776012
290826018
580469760
618070098
430282731
778366680
110126415
73739745
181324042
509926726
182501496
295027791
370339238
961283
401169950
11177
278063
198212912
201162104
435445275
667618206
649141
59653015
452773
441133542
450841
795679
21772518
920419
715049
6190600
362309
6991988
1512375
57506264
24715194
340938042
562638516
342478584
421378075
109457859
467006214
42337080
192397034
50033416
780917
134375095
165456995
226337
513032454
150785577
7806544
515401
380453
14825616
837937
172223
749465392
403570200
58777340
263119
280833651
532814216
195109680
103924040
669483360
252523110
899873920
427727
261673510
724117218
440527967
381964220
202736910
233606546
50528900
80580196
84715092
14507465
35735409
577122000
637694676
662736505
47244015
7549426
618460956
879210430
41820486
473953
84945630
376341840
300064512
840179
384449492
133773528
20065799
205344300
588760484
557008284
584321859
1150564
961033
26073756
265655004
179243
97931
355863664
977388093
650969088
88324080
43058504
87392344
685697
74784811
511706306
998819
406495364
511131792
249735629
880043
39524030
65252316
442539040
666244644
297414884
16375080
15641796
85045482
179542112
210731800
761263
934937305
233182083
125686215
489539
66676448
261563992
228522892
797987
2511516
673291
119902200
600079872
59615010
352073
4266735
154715456
14770650
98938404
167132160
170262576
262259200
145193
