712
776099
88191908
855079
127217124
897015901
235199524
900307
63426888
85931
163110388
786433
10457
19609550
327270164
10193
736147
62492238
54503760
562070025
370472112
142496448
47237
687462324
148906383
258690660
88181840
65327544
42195836
446495170
388505950
16649
489943
44826540
128861544
776048654
3021162
593903
229675446
23129029
709786755
873263
50346450
280673
26718978
175677608
208325706
160925618
475549
213351957
30881
75289
585637696
703168254
32020480
648331749
187973
850387
36683
730819
309795690
12292050
752793150
929833728
965087
857597700
951109
69632112
75849175
26731
97207700
233113
172117764
427430344
353538666
196423140
210839922
70642733
217699720
174716726
210349440
31994944
576854460
17148138
50341
68980460
444932976
519551
290153852
182111
493717965
216068895
334831882
9590400
7055784
444043
851813
348793971
261928520
33234975
508507818
315629906
210994932
337661
679570448
58386443
351712000
416393016
995801
45589
38816358
308663416
883739
95862849
350649336
523686680
66067
397038663
661099
2847105
519828057
461946240
6091
241682346
312743
126955929
18217
150444631
504349
512263808
213319
173438606
498669624
569077
45409088
210312312
110581
473333488
195418664
140338704
311298276
162269
448228560
592281240
664789
830441
982351
25704042
739823616
392161000
298382843
196257828
51578478
658367
117000828
459579472
51678198
195555244
234103
141445654
19403
97924600
139676702
119311
131703660
113299060
681923550
866933
600053
439459
352956448
249920902
236399
619813
611833488
53353
347801
79748734
247350740
332749
126363690
73685340
178620998
108925741
233024461
54842814
97713191
892091
732911
100043
48140352
519542529
155877249
872429
57047
678292992
225941408
319795476
772329518
216215051
258722720
297737937
487783
114679
401583042
773164376
734243706
151841
110579535
416503
10393110
64231
120926520
375259
565651
14530588
61609
157475830
180371
751567
175709
205307960
906473
355073
408879828
670330575
207758012
70655020
862702320
985903
711499251
37699596
195120426
2977900
787771
152468012
653927
263092608
13615222
720230826
867487
116179074
103334340
349713584
712380628
742909
697259
93976969
38672154
300301
8046917
129043971
421805428
129533
68942412
92951712
10219992
217223
26454183
883973
451635800
166018696
195403740
128259400
695323
382938195
590002095
472721
325889
479530359
114245720
76890051
784681898
708398082
119772207
12614844
1000000007
43853637
489193280
966873000
271897486
256307
150649
314063694
636851
670217
56235459
3829481
164581
610670340
3351402
418559
280141044
60441745
348367
113138619
95881
213598175
43389796
409597
221862717
151215744
422057
622540932
148067676
10139
7837170
147084714
120817119
158101146
370506928
238811656
250051
220337484
297190260
664134292
691764198
112477275
133657
552506640
52897592
31429231
292841
994237
93776280
684587
204331
110055920
19458108
611999
372840534
40990422
184080300
577249
32250695
245881
426830458
460749432
268048971
1697405
981601
435039240
596093
778973910
508959486
276337140
309894727
803867
838139
320957645
93291444
152993
120616320
644790993
448769
130411744
20599
622160443
13094989
397223
211811
55638540
352650524
247038255
523759
150377
506181585
888793
4943
334021
401994160
555043
738197
499088408
138168792
308961682
640506178
142236906
404458444
24413
64157
620223240
676727
701329
412571
178842000
144889
762779
57212064
154619
6327720
283599738
864737
84864468
96847
492487
917232960
94617780
204107
60373
811227300
498079778
517393
667019
273602106
141253518
119551
209127615
642509370
154333
365060775
80953950
3160850
39632076
699720544
502297625
970699
236816576
443347
75431566
888239607
355695966
660518060
578117
72782010
89840520
27873071
191227
313023744
364713936
548474912
811819
152241600
102478008
846341
209831944
472116036
252541025
457889380
200663155
636481440
149750608
224205430
79690060
158759
75933340
170949294
92987
649529
233252364
549534216
269663
290657
722671503
484019
813133
866074798
32497
304391
297450888
506899
7095682
81087136
682933
797143
68298232
344755281
527806440
819419
213887
236431260
545137505
606899
131886000
328592368
125379522
120366176
608659
2978173
403400768
434222720
140448594
126224982
716868559
954992960
44293518
163239270
633695428
51907
163789
498367
73087053
88037
24351624
169445628
973789
228047835
359181616
658132702
266621534
535589
456088815
593291
413184424
43010760
388818750
33062788
139125528
143288896
530591061
859259
266414375
50423
83907208
71238840
890147
128712298
219298873
178171560
190233750
769459
61949525
118906788
27158292
434111
262802020
581377
139306704
444223830
621740379
637425512
190072092
348461
804286080
627673
211203072
147092688
483473838
355895445
9597800
725233025
626617
47069863
579517
38732270
262833786
333173344
293767
282827
153752923
205578464
495538335
390770064
473287
455881
70321
665507
191459
10305832
24019
119095350
5399030
347556951
115441692
433732313
15006240
541015425
239510264
115699584
645527
440924924
28579
13491126
104087
174622470
265596600
352284821
142301550
94336938
23593
831913
2110310
281651
766841066
45945360
784603
257674939
253369
122663
391823791
27739
382327050
939451
233193987
565461750
383496000
464795958
12678225
88013420
280893472
699953
12997615
717413
16975875
31799
700099
275921616
9409988
3169
788719
186307965
101865897
603023
89345280
354046680
412141758
884029
7477
161014720
556181
629029
120511
567673
280037
270509
181549
693537376
159105810
933943
52389552
81123757
138067176
160649
12000300
207776682
325257356
5404887
148016869
11592804
180477579
35932051
67235102
4345056
276527640
352429824
36087316
233923
74378348
460373
705781
114660036
63104808
445139424
142251511
569983
461928596
559576904
390649664
18553
377598390
207941
565996040
515838400
69680075
82261
165367
936933360
897577
666089
460609
331458474
617873
145641422
609113
819943
286743783
215916813
515579568
138322150
127255016
28663
95131
141169392
459159710
321551949
756967
97961
215620020
402403
407277962
512503
236642879
591110248
137629936
24821
514649
177889
424531848
572158200
166609
183511784
430051986
289853
166937864
34213
942787
197212470
345149644
147937
592778181
75272790
955987
14001400
