562
44372
12020
58848
31778
48424
53274
61712
27936
5886
3744
55782
11238
15186
6710
32236
23034
5930
14054
28586
41950
63656
65394
53110
22192
28170
59456
25270
14942
22320
10954
29104
6206
61870
49524
29636
54852
10060
39942
4678
36514
59154
46216
35250
35830
53456
11444
61832
37352
64286
7124
29316
23134
7154
13616
62322
44830
56220
61170
17514
2038
39508
20884
20644
5474
28736
6084
24250
8120
45054
18122
59244
41680
45990
59254
2800
3626
15454
1920
11448
4500
11348
43898
48566
24154
58192
55600
48422
17632
1462
25230
63448
5850
62994
39188
36342
46572
51486
37300
51022
14028
64588
8504
48660
248
46794
14646
59444
21204
56590
52586
1808
37456
48862
59818
34256
21020
42962
8258
52774
29508
6758
63720
39826
19294
64888
34844
54582
14126
33878
55060
62992
33234
6470
17442
35790
2156
4746
33692
54282
33346
31214
26946
28
54636
44744
8752
10082
24570
10888
1846
28670
40348
12220
45004
30248
4556
43926
28026
31220
56950
4600
55220
23444
61210
31742
36950
60968
8316
53498
59508
43266
19654
16912
36314
16238
42038
57382
59614
9978
14912
38020
21212
37952
12086
17354
52494
63018
24186
25470
24572
30654
63766
51734
52070
36968
62706
386
44706
10934
47222
58410
53650
27056
60080
52352
46590
38038
53248
7944
6532
12588
6974
30420
36868
54396
39780
15518
56954
45608
44468
61500
15990
29224
56412
60606
12790
21786
37292
61154
4058
12036
18348
9766
61636
16544
7246
6228
9344
30500
12824
8060
55284
6788
50502
51850
4990
29250
23924
59464
47588
26800
970
34022
44982
46270
58778
41472
54072
37436
19350
61742
60620
37028
19820
22786
16344
32870
10738
35990
58416
1704
43984
32146
36858
57236
33448
61618
64028
22304
63672
64728
32026
84
60686
48262
8844
13074
31264
63982
48888
22622
12546
7544
17992
36134
20742
9932
162
41870
58346
63578
51168
2736
9846
48474
62826
42220
9650
45666
10410
5288
63616
6240
36332
34724
32206
39472
52678
34996
1852
60566
19722
57358
55360
61646
58654
2586
57806
8598
48368
19626
41608
37550
27228
62158
37724
19172
1042
46874
2230
16548
19450
58474
61466
49392
39466
13616
21086
35058
45112
63794
576
23048
7482
35296
24478
20546
23070
38158
38672
50030
18066
17992
17946
64162
11896
54930
60370
31298
65472
35506
3586
13452
55518
42998
31448
25748
38820
26502
36616
23518
37040
28704
59514
2646
5980
56928
28012
35042
65048
25494
4124
28260
46936
33532
14066
14152
16128
30092
12582
34692
29768
48192
40936
36648
3108
59612
15368
22880
50218
42298
57376
19970
65024
33034
16188
44430
27454
36384
12284
20414
61916
21310
62532
27786
28946
7506
25952
47022
36552
14154
27816
38582
13688
4182
45238
47496
60058
55468
57084
56674
42380
40152
31222
622
20212
26498
37846
56256
37040
29104
23966
49638
7738
59800
62168
61420
7568
22492
18866
21220
55452
11104
44972
46060
24352
29572
47806
33980
16660
20724
5890
5802
2458
9458
6362
33842
41566
1816
31638
5374
18306
35232
13472
25708
13314
21556
49958
4766
44706
40234
58424
18426
40784
2394
4988
54068
21776
64088
49232
10710
42080
54086
40812
4938
1572
15384
282
18016
57102
60250
37836
49492
38788
65152
31572
9310
44036
26784
9344
54960
24088
32716
48452
15874
11698
12490
47470
53408
49944
57702
19386
18918
29006
35122
15240
51536
63738
2266
65286
9222
46038
18396
33226
12504
53382
8414
32776
22222
50962
42096
56884
9776
44484
47698
58662
17420
38546
43328
51918
28734
40200
