791
39119
128973772
39855305
269274224
415480231
353021256
105633774
285476249
10061004
421628680
207474300
277213
74174814
399953
18197284
137316894
508201290
307436580
185567
60240026
339042714
70373
433806450
797333
614770130
342197
392033
481199092
888761
229580516
541249
330295147
645831960
399905052
56762195
128966684
293809032
676841
875406413
147579795
463477171
288551
187611414
136471
968479
924479010
148386800
515977992
511857068
569447
622606500
176795580
815687
312831680
342375876
24781230
906805328
809491
352321568
560447
716569238
243957780
340443789
59079930
61916184
903761
407579
969851
4610740
150430348
3935018
524976832
50858220
181143851
127639156
732947979
76107400
731921
538041546
342817090
31525284
784993170
335029
48507800
304439
176507
945367
387149112
117716900
5888817
400473496
85104315
186730516
19275816
210951895
658447
641833
120820678
429664480
155125368
253951
30346248
260119432
139513482
254661700
375305126
744641
66412710
27959100
58577950
142077068
14792657
550856900
50208046
285699815
598123533
634003
549169
620752425
222239632
328841450
787430728
701863
63768877
56459600
226553
233561810
147118792
309007
141595839
59671
182149965
193325468
575808051
279178571
579921230
305742698
246569
465587
879641634
171482465
52981
2981160
30758942
981837170
146478992
350514634
354663347
155641833
788369
437631180
593903
2741
367841
499229168
423146689
14907026
331367
360881181
255239
51597344
257370552
659276968
281893
78815049
5890016
219746274
176123
209421120
52478790
527353
167106793
107445416
295927478
4909566
451301844
154581120
284467
171427
118061
726064839
25407480
583391
861317
474020384
196847352
141995946
47828919
274336259
360705550
275774532
988711
42364245
393487
345643
33266673
332491250
219064482
338803
260914507
527210100
108117828
181001
453396310
178870372
827429
225601
880907
179566288
12216778
246979
145365886
141109452
46034272
379699
22285247
463896645
771623
572939
788719
185505396
645581
97470604
99798702
744301
4975529
262271
210773
701611
243790043
489965844
28478241
245938490
278444250
393487
120047
472983024
959363
280778625
787429
106909200
230246674
9821730
330930630
391219470
20905456
608299
82015476
230281310
731767
461304
816130308
30579702
955649
420859
620833982
99909408
931487
89633
31634482
814631
75999928
372391296
240940728
751867755
557611
968329
100501
973001
842719248
90806696
971959
256831
81157685
301888
6970600
59583540
60659310
405080610
21492663
452497402
863729
576931160
482361127
433061
30907224
48831543
226061520
358601
97695336
107839175
50282112
16693872
467159745
228633732
623550820
1397431
912528
117809
658507
535771
943097
41109768
16445236
782845440
430979
952669
655546322
58612526
58718954
995881
540330304
23537
38776365
295024050
30460568
972587276
671261
959471
243401424
451821669
373637152
652872816
545810832
551542968
960172802
216823088
66923890
727334037
725707696
64645853
564177900
414174362
768933162
800729
509317728
914887
60698308
48444253
631993
84374208
256349
43128202
70379430
665591
774233
252157484
19507
387435498
488617
110262401
390576928
20035
107781754
323186958
136930848
81060598
1779000
25498720
810071
655858140
693731
586601
88047450
3187
137981478
21809991
51209400
502326768
105296940
801301
42569
15880772
737663
256414972
57331584
66965184
15202800
63399384
40987314
948685608
491797
80873112
472450668
224020620
103814040
625440075
504497682
686051
198097
760693
28904590
182522480
205087596
780179
663859611
236990124
19379
945233
562441496
132135500
118262251
238762811
660367
332009
870097
856909
211353360
42172748
9537827
439687
73188136
200902355
124824150
894151
490819708
52402100
9769851
199682253
223662195
910093
847969
614147
405323908
575623
139569075
331599294
681727
258173
1375374
54319412
451140000
83779740
135883125
351157
90234136
253639
111271
348259949
664693
434246480
129700327
82487
844704192
392305300
411833
20587982
889309
357983
391108908
4729
20693
322513005
70163020
506935520
77857368
92598228
60270732
348483174
364393
343141
184037106
775776741
115942068
9281
579611
107908086
578191
683
344622696
799873
585026610
5931250
162649
59522936
222059
454818560
963152934
164494735
325648092
12872388
52653024
265299675
744493
350593668
419002687
322171
470689
711877
74251770
236120952
96808525
77867
38843810
433981
215382321
299489544
64249012
953987
79303068
51906451
43951110
355926442
148993152
64562004
143050110
116981600
784457
438899
318670200
450361
566404017
137749772
241559
368558774
288643663
89359690
38107920
81360200
9194784
340373232
277641984
166827075
11348100
926353
731981
79942296
382773824
384912540
167519472
19630800
284637660
360095500
309391
456607
14046020
61343
552841
30015085
267671
557633
218545196
9473760
440054696
697107945
4838022
357571
742307
786047
31727
407120316
530129340
108751680
747928125
364928256
869335584
384359
298436050
656389
503432250
17959
29383
250867
789830657
199740350
978689
10520670
17387
119027
96621504
113089
432656812
114276975
267133
648917
3630510
405659
89808663
138232798
620911
272042550
12490016
185794125
502209786
510439725
350777567
755509
894547
66197460
830579
378449
293620635
35476700
7591
259972098
259726935
71444790
121357
153434890
451859
610733
143063
86977345
122021
806017
332478272
597013140
160465670
454147876
323089992
125201
23327
173070523
222698256
339331
51719
165371544
100681920
24175809
32862428
201588751
236444237
697217
570144300
180255340
88468289
101875020
30187
207215814
765103
41584506
787079
1768850
164438450
87124384
140813
674677
302317
182501334
19638899
76406295
309201515
735883
821411
914777
29454371
235177
63763055
333247876
500614820
99147711
365494080
413875760
253547280
750222652
165450525
16485350
311527920
63040920
296759552
2109616
228461
766690086
459817
965989
530028320
333137460
57163
681253
175579162
178067
153717296
326181273
657431
894011
84329665
893821
394187
23911053
933979
90469
411691848
523573
777187
687233
299908713
403221810
34543212
66043428
50581300
184137302
721397
895583192
354997
426941
490534911
53171820
38917
39218580
140761
384677469
6835942
470411060
92999037
932341
540139546
10361416
116793852
84777924
921667
48821332
253647936
763417
266535230
726287
117709620
117979246
368395250
586465087
42736104
624072588
805132044
190389423
52155675
340727394
41203
478700651
93186984
431668974
649897
771703
607829082
316073
319733586
544477
806467
75528960
506281
66106383
9361621
884857
35027
308319132
361491264
602627
15315300
95937409
180263
340583334
93941
816341
51823020
39683840
57027360
638689
42499
706942188
382373
711493265
958777
19597
307724820
9823008
693079
830729
99612252
3914552
222787006
548004555
993079
5140000
6031772
198408512
493802320
18518780
358044195
176088450
56674971
658169
10109218
20670700
586567
131423040
15969918
234776814
54639573
152399610
873991
911459
182245490
157301424
