196
6312849
431430247
142557977
7600989
252720674
214063
272612736
8329
673111
102397
63995276
102003006
36598580
234808600
565267500
41769756
338828140
527431219
677778964
767699394
144665185
158655201
715073424
201436307
344204164
15263434
29879427
249691245
64587270
763583
128396216
179
317784030
368792656
245131
985331
830552520
979261
15203916
23471672
49288610
47842592
147507900
39437980
209203
3943
86586604
307872150
7307076
413759
567653859
785569
751151
132512063
274375728
309674806
121279378
50709978
152169073
270209
199200157
146684187
306369240
418867
318883
98654384
324119
30197
279930
245339
446318400
137363
280967
300594294
346763
72647
151830716
95331600
151134610
437193328
87091585
26579968
215546444
597613
21952084
236399
731631055
367216192
465378214
331943
184443984
124155612
943676838
726191
920566374
804611
241314168
417959
413099864
122117
167081
90803
689343270
741672685
199792593
23483715
416489706
8309000
594384319
351551
119933903
152813070
25309950
12415128
383729392
97327
57777050
372319516
255130353
45673175
238285476
213254022
214031
523403
162842547
424751080
216149
758041
478391
654391710
402968256
713663
823499
12676736
244009
346073178
229351
183970200
5871775
415861
362470823
255063648
850853
420691
29389
49626720
970201
145829152
101183
109503420
303746376
219231544
55667715
211222680
421347420
199176354
20045172
427830421
193761310
141874110
31741073
2031107
689910152
9108756
628184
423763
43391
135846048
833389
781367
499373330
366842424
56641592
58919900
44996961
3055114
76101210
389941
700199
4721316
150979
120754692
114203060
294029
556477
196987220
487901700
163427130
227333220
205391
785651
364127
183761
697181
87599666
14612217
