917
269891
213397
112343140
123757
425179568
9161
440807
469644360
189182698
63179180
103915840
114094766
788377
687957000
291167
172232001
642423387
175919
575488398
40200309
325319
705332584
129774840
539401
800281
236608395
505711
506274993
90469
52202005
233402217
583171
646851576
314932344
165720114
342593
142478084
997991
1012894
855380967
397321065
26740584
446603
634105550
136689417
287893476
689113
393432492
125724416
85958664
98479
1884525
26941315
595463692
275396456
991217
927128160
34629090
92621460
115502904
512147
286489600
343801
933479
143248350
751187880
13558234
143859112
72095221
15648152
700127
323390925
339275160
74484480
158677492
392722272
349288780
246724910
245820320
23674141
280443920
36026794
287428156
978773
196903620
78656812
63059
164087007
367040000
93168640
50007987
962861
228558094
221862788
202409
121043560
64533024
340921680
572332722
104583258
7226580
102423799
402444198
637817
306991
405021870
652117
118418850
120876975
364163982
35385500
623331328
731053
314707
315067
318556470
11348002
51455304
512025713
646976850
173433065
170830240
262973606
123369480
673451
410740
934489
351087636
208824000
524509
10918317
299458404
296162580
432530784
26685875
141732540
122489
1661816
639263
954263
248172400
361873
653404420
14699
299513454
234743
680237
170977635
668798766
367553832
594749
486527
880830960
52221168
837845865
275922038
380694600
417824106
801989
144100355
301673
300851
193727
337339
60593344
47759376
121053104
499679
6097420
27687360
959801
408093714
642330850
235143251
224751284
91924092
309586606
6005342
821411
82610976
468463
231297954
491964210
704617
83762052
225747340
324135123
435718020
44722555
33749259
833821
3491
441127
943097
86366380
912227
625637
368947
206639
874823
314563256
689951
411653691
87307976
353939
51137
121147840
77320061
22876860
668959
424430568
172885251
133002073
23199232
826868736
692453
96655710
836428092
374346208
722435280
549203
411902276
209244324
181547368
122099812
872951
911132820
261596882
729919
144139
148080800
11393
21690500
41709384
12389311
879539
7331868
308663
72656924
157013
728003
61363756
110890896
422753
302855971
618577
65534400
19219842
293060960
325695465
180976500
98070144
19383910
8627
809803
240810368
516987608
367663
14759
335704270
673391
282975147
226842560
44214458
302583281
893723
166037678
502307064
43656262
86163769
792691
11993025
658139
768013
255137
840525300
60400384
444707540
225087009
281454264
847097
291357900
857107
980149
472097692
652849
208697
132646175
596024468
360062658
245258265
8669
547390278
221265576
6984300
371895507
807151
2653300
224633024
521897
63787872
971959
328204350
155811916
989239
212436525
259211
54727
595099248
490769
36948632
154091612
58369714
33004566
196041773
444473
65141
886987
86171038
38911705
878863
25274424
292548975
652144695
22651
34230818
341647
190753
467834599
937579911
218590185
198616929
972329
930817
75732544
344902493
756923
40851811
368447
963143
865747
421907
49510888
229351
212579968
579877
5680125
417657790
754322364
5677386
738264
785857
574559512
357718590
223367
58370237
60899
344221
333628383
1000000007
319001
885869
825283
465398324
256668426
8273
774001
944472520
48059264
2222400
690766900
67448116
564353
767321
100357
437156702
285809616
369199336
39367
167157615
20367999
88692570
611041158
87004150
529357
23260100
594149248
261223
404205159
355294044
433893397
844309
182057
140281
154243
22157
24512004
72183609
22289820
84282
41253107
300163
109362224
608064600
355371400
454763
266806976
411613245
207721170
743263
27019760
479777
394392570
61368468
560311144
731117
275169531
596047
448647759
71853000
151807614
153981068
35933
632814237
498973
52911430
351046234
28091238
512609
242613300
345190468
782581
70507
598443125
651193
76480904
454451
953077
67373775
37530311
215964408
260712220
850537
177729195
172243
658871
300017
187200585
108318373
149953
28977971
458532612
162102388
159073
260907808
103307
749646072
43722648
196402050
240683256
48340656
47255488
389081518
548118128
343814695
109317775
28895760
175700250
546260868
570091
339307
300869
814537
55264055
713438547
636026979
399238752
932593
38350834
309493
729286096
622051
95279
938981
383154613
702861705
664535403
245315214
203610778
260212731
263015825
483250790
979691
755662987
648391
473327
110813
393556220
129223
337882336
598303
172887729
487741
122511753
110704629
661022916
62834414
60625543
372397
378248580
445799
198134976
61809280
183057056
243950148
53069760
6926010
19183359
65677397
123771648
555251
616139
78854454
714881
751957
870332466
71212905
16330755
7042155
356771556
170647
3197054
5753990
6317272
49750200
392978784
581029
120739
436181
445034499
895987
196043020
231893
669533697
712421495
53258184
660071
997813
249534364
849601
36473
484303
192229324
37224308
797077
228637
247283712
712651
736178664
11170152
622138920
39780000
35081
26297
463666154
666041
163934135
54713
575923
784630008
316133
32268851
387788928
848851
59375335
49412000
652423989
358675294
510239240
654082836
62477
646119936
89168332
1187475
687753144
5616306
28817370
594141130
125844802
540539
875543
250248075
524546926
326111940
548861
207516816
688727624
276651936
127874088
216451336
430018134
68509014
48847
212423
50425441
247810368
242472100
573035620
937841
677224128
984083
94300605
99809
188110905
267705858
11421588
47472387
697757
373348614
579283
539580810
337830864
309235338
71990460
759821
8237
195396150
99365097
824777
349121
791563
372672483
415160438
535973
754463
919021
682944930
187202704
78854848
79299540
4778940
117334476
51911250
60201120
2294322
621426995
26110266
175312812
203796864
801571
141439
850453
906955088
450257
62127324
592103268
412397
168481
256065456
242538990
282568662
569476388
553991
759623
13369640
197505643
363264990
20108379
300259218
251483
97177
366063244
739021
138864600
430411
105497128
102313308
194601368
117274348
188159
156719
127807
273390864
84709834
399163856
125686025
460816496
381713
112546728
675863
518123
396311
416620152
23739768
705277
38709618
87032232
451663
41126178
69695274
38770224
601487
754343
318787440
53850861
586816596
179033
21690000
453336338
549153432
372829
329642370
14277778
680870625
335232352
13098228
484102080
772122397
429254254
504429750
470279450
419087
232640784
440683
528837101
882923
497903482
101503
262027
628021
89055512
264181491
170483
878659
30601440
955103
26209
29927700
121100760
69476778
871574884
231901
264391616
71100868
373953216
446516222
286493
2609
72937
332132670
245532078
123203
391879
334429
14449
178444430
229911780
444461
81720938
994867
196124506
180966360
287388672
103084702
705939080
22067
688233048
283226229
195311
109065630
879606039
20762938
602227
863231
701211112
124742856
163247358
218746474
2233560
141462810
707467
553338480
286283370
243781
12194066
170231
838393
335726664
11517472
588075264
773117
60759226
306520935
699526542
20782619
69481
471740488
776471544
407635882
152768427
13245447
44626176
29708226
566511295
35193383
47251707
301913
210901
205183200
658502559
70297
5081280
198204501
422899
386203675
205913
400738612
425996420
114471000
656707
313683228
280460920
122203088
741913
98703036
270223
833184413
524808886
30169
862241
601259
697877
21558285
466751
72841650
178393
170467607
533101041
10243440
399583
310237
216636308
27156878
40851254
257693007
473381
474714100
72024136
325829270
41383368
487651
143581677
159503451
767881
561829
325387020
506663
305208255
142818432
8240827
210437
150977658
244939
576038541
382383296
44088408
402671493
763744504
790897
245209
423312210
170914825
63958039
353899528
599929460
819899
473167
44150768
492320388
339863
31571890
806821
28051
364752648
101245482
224158812
504877429
732997
1327
665479
142690812
702517
771451110
216103
58493799
264017416
905357068
248657313
183917160
966159425
647062752
82041810
568679
557321
537749
3779328
387429966
244065744
808459
295601
610401440
273214248
57323286
216713195
922451
106385708
354791
