856
323807298
75502674
80229948
32574582
44981007
270323
769081
8344180
595963
13757
886307
976957
752145099
401883744
38589456
773029
136640080
165150705
478721220
191922090
505867
108269600
540203
101603
934794762
658487
280132518
11215776
210407
114621696
507197
428810240
468698406
532214478
528694998
3385278
456587
1344780
678409
820901
243109
479041
611803
557437616
178561
674677
237250120
432177588
468764964
13543470
631401780
155926380
224429611
46219
591031736
338722371
129101620
338764842
382066072
291765172
362488904
492762808
123431607
344978590
265724064
258307320
317387427
982476453
7001
399126170
26237
567281090
846589
58726213
868663
875803
409350436
152646200
21992696
110501
399023
323617944
130279864
125423550
601889
480349
6716730
659317
256181
890671
218417
3704130
314994762
169373
716549
269708070
252083600
398053
465187
918371
204247392
12771296
136695312
291691
627673
38114700
249089
699080547
257372368
387513846
43855040
52429835
56602886
884717
130231816
411800064
268719752
150544
378629
51488352
278481020
331217
608569880
126028760
118277
223400485
350515800
101236572
34709784
190707562
308047825
53049360
758237
630057423
352469997
131768964
703058288
6008394
679105350
95006043
4714760
189099894
198451011
348542334
595245606
870271
21557
490301029
274722258
642199
229771
186134916
115854336
201644115
19333
846749
307091
114787300
40651729
898256150
624007
127050586
16741
136971000
796481748
518867
226927800
88632492
107099
30596386
293087
543203
7937
586067
3079
753409
122046029
485689
48597153
403726498
13918404
895703
87942456
630577311
235559
284026210
494302736
135674375
917422560
773767
118958112
487463
244115721
261180175
455967540
361309190
204903304
947711
406730950
701479
573329360
58473492
32234040
179262967
285314650
83577820
147151
586301
155453
527377
517000
34767516
206197
23741602
37115808
138534225
481657104
716869
856903
924360000
248325264
155349627
472799
128053
840547
321187776
60353
75808376
188602968
18499746
43669
151537
732467
924523
548288829
655062228
7623495
347621
376183
775441
5669
184450195
9168600
914533
31055668
220318376
182436884
342800328
802609
344161
37353624
129199584
327473
854204291
268929960
676649673
95588152
16698476
161709790
600979
763141
880687
266491
25349760
385194516
331027
704849
66564860
121928704
298070409
72156448
993431
966439
149064370
66781883
405781
557886768
50271435
511421313
71696064
511013
270509211
420233580
113763936
298171
671453540
65547820
509193435
117746844
973291248
722921
55777950
174993000
396299
214944948
334547980
83689
5657
223893020
463849
40245562
25223120
439753
409427425
107183
319747
269190298
369488688
331906680
282847
24931164
289868206
799445944
195135624
197
174707560
257671
659146108
731611552
110478494
458629
372371
279569789
897024078
214301613
192961
861871
394018692
97717620
774797
839323
87959
517373
286999
129310239
488861
67221466
191364240
42661022
198529
632123
808934243
24236685
108271
12210146
663547
1000000007
947119
11062688
947119
44986365
821999
247450350
64678392
268622167
65813093
21441583
450168477
48091
215655750
765229
67030080
927533
868019
1499
478001
101253460
152947
451582020
532133896
170127456
234494999
631487
262302174
279137
662021
122653
177361824
26110980
288229940
35407838
892565280
22382919
449164430
50996799
312289216
286757480
2163150
95869
142589
503939
357569
511867
434374947
306449311
3662484
599818612
1000000007
476366720
306685995
565375856
274368000
25672302
466673710
239273
480621244
121910
951581
474169
345660882
487261
794711
412157
602940
487845918
5608064
153857620
832627
94658248
887401
479356290
207257778
186520256
265757
809359
369997
516640472
21649
540743850
212353
515579043
83617
183059
57530214
183304861
773863
778709
23076684
265267420
23497
549813237
128756097
146886785
319763808
14455672
116489089
861031
282034860
55767285
337609836
852366521
460292544
552910560
175141
233844281
733830248
351538793
164665443
200195125
74224968
47797
225682215
490158240
133919
457173756
361533474
689021
715031
91199
501805590
787747
12879720
596927
249275760
403164960
191441
457625670
79386572
912487
90567686
745903
989533
188658864
24821
268450304
133073802
141235290
755007141
670198880
227303
83453610
691738588
668753436
363243272
145536571
199243356
181884528
742219
239523064
561787
218421500
404317188
242897544
8704220
482547450
564652764
93542484
301471
54581
115282440
153836920
716688090
182617
430678017
508473543
36189068
205789556
834781
147771040
102254955
528167
748199
646843
10733
24500070
273371658
816047
774085140
154920304
940380975
17033
1152090
152977469
513869565
644051
67343
147401
433943
128460087
163829325
804611
44138976
158843
662591
788873
422882554
217397864
558529
231109
99041016
51275120
99881870
64581470
27410178
26647500
686843
295271802
545473
414643
320839
360067140
190261
413596750
33726980
101749
342398700
488311
309387470
229812168
345324114
566443
748304023
368660310
856021
33705672
389905646
39793432
986543
628861
802356610
4817
246561882
5416054
55033050
817877
999613
705871
61813460
147938070
31512096
277637
447943
317861920
120274812
445472950
447791
684500319
739777
134237255
683899065
749543
32809846
803460
116013150
785422768
33617
118799750
206819
603977168
203316517
704087
56082462
976637
78172436
540149
263089824
256446008
157519
387719562
3108006
4810916
228023
107751588
296273
493945300
434411
998083
1000000007
384203
605123
30529548
427681248
238759
929983354
449054760
377730249
4058340
828007
387226044
762164233
3248564
792629
165589
621683625
59513580
248418576
585370424
94033
489527192
689063
831503
181763
745753
842483
673291
32611446
859553
52583
126284682
303158520
164564124
357863382
4244812
295700250
376700790
747427
474769
45758670
107809874
767617
455752835
203348145
62462444
44415112
476532176
105859512
277038615
19753
12097
845041
309207248
210113
479964008
30133
772903
432781
106153920
87172000
235424202
85037
228619503
621473
346427728
610877
701270315
91613400
281573847
740171
187973335
117416124
723451
47790410
157448320
256846499
67654322
103197498
372340575
548404200
109411101
36847
28671090
390116070
604829
142979
1341504
61315428
263387
435076226
20547696
266098820
873500900
444322056
106402950
156376560
631224444
363442828
116784303
171526680
231277
373350276
793543520
228242253
333013423
626938830
424365410
41698314
202187
957107
104266368
69737
658913888
97636574
377099
346513908
83055258
139493
922245246
14295960
267718402
73120904
634013
353141838
577914958
833747490
625609
175362055
773857712
755717
25913644
40430280
354750957
35608093
496363296
782887107
64613
816239
634583201
221926080
657863
19135680
236779
372901
100841208
698723
591421
715031
369295230
700831
508311244
327707
639005142
748100646
438818950
24551591
130128487
412305483
30894762
470012745
496016424
294907002
11836690
352111
113096354
956083
38959
453421
14089800
795253
147073
620531
188194947
362579889
74707
44041455
124565310
313521815
749209
759490578
290530107
266491
50500736
385291
2227875
490001
273604986
74436054
18660105
706267
20477
108115998
215927
19013
805873
24784512
417250720
712020674
589309371
837533
177665082
805333
24228298
228337
758488983
868211
23634400
67921588
571001
249437451
541309
3109848
525280422
180224327
847338252
537877
522349490
626527734
119206260
819263
235556320
392033
907635610
95492938
88289
866929547
58632816
168057682
