993
11832
35460
9018
5038
18546
30234
28202
54348
49872
61664
58554
52852
33618
18674
7224
17242
17142
23932
55488
16846
17400
39906
46534
52372
32418
39274
63770
33114
19600
12640
55410
59416
6776
36804
63864
4858
10356
4202
29766
46796
57538
23210
8314
25564
52510
41346
29876
1890
45684
28742
49314
23920
56118
60346
2448
31568
6180
61384
20830
6770
32652
61858
36892
52180
29464
3690
10242
48104
62484
11866
7168
12024
52792
42094
53448
24088
41196
12936
41038
56456
20246
55838
2008
11674
56668
24920
47230
45854
18158
62664
21050
40008
20690
52608
4462
64792
58274
17352
14054
46660
62434
13884
29288
21916
32956
11646
6070
38650
45390
9300
26140
44444
39022
23636
43632
65052
42746
10002
33696
28878
21652
3004
4542
1192
1780
12620
22392
51888
49068
29996
38452
61920
39026
5728
60554
2956
38372
23850
65362
12366
55508
10036
62760
11630
46606
49210
35962
25288
48286
61236
37896
31024
12962
40946
36342
39270
4224
4436
50508
19312
708
61416
40446
42636
31312
17684
26490
63894
21310
41664
31148
37864
6670
29560
58502
54992
30592
55072
31238
14186
51932
62478
31428
22804
31402
9404
44278
59472
1034
59882
9720
24102
20600
2380
36434
21530
23056
49322
10312
37000
42584
30096
24790
29590
40842
51570
13124
60558
21594
31316
10022
40918
42560
63474
12518
25932
28218
5480
15564
50996
40990
48988
44172
43426
62554
7846
36672
49750
8254
3952
56320
2358
9412
21742
30430
51494
48090
29042
18546
31098
27690
35624
12264
2008
19292
17712
6010
47780
63206
62792
62346
21478
52048
7676
62490
40114
57850
38214
45274
276
56684
16312
38838
25710
3090
51236
26068
54892
59790
15302
62242
20582
34430
62188
6236
9028
57024
44566
63380
15854
42554
20396
28478
62516
37932
6682
65454
28202
46312
55936
60206
26656
51752
59346
55416
27392
16850
24200
49098
9526
52022
32960
27234
3102
4840
41708
19604
60902
44282
36086
580
39932
46536
47074
13816
21998
12610
20484
14942
7384
45234
25502
7756
38734
18182
9740
33624
44476
21394
44900
65228
34644
11106
8368
19778
3956
10488
38014
8350
43922
10910
50206
53398
18842
1824
51516
46538
28388
294
58380
30516
28556
49388
44534
4678
30316
56466
41142
58724
34162
30436
23054
34032
5782
64672
33764
41684
34106
34878
51438
53386
59414
62520
48608
25502
33692
9170
9992
17600
31974
35428
33408
61764
62742
31010
16082
30506
13642
15198
34338
45996
4850
35162
1490
40000
13516
22916
39596
55846
24638
38986
18830
32872
30530
52826
27786
9324
20176
15724
31896
8432
1476
31632
24498
19356
1096
5350
41864
58632
19384
15354
36000
2880
16140
4224
25090
30416
35782
33946
56666
51784
23374
26794
10156
15434
29924
42388
19054
58380
30724
11650
32058
28772
55118
43830
14320
37196
48110
30664
29028
56306
31108
57078
62078
28978
47762
14822
9708
11950
3412
59508
19518
45644
63806
45296
31898
63550
17616
36468
23004
56210
37900
30112
58432
16688
1876
6118
20364
13670
730
11608
17846
50164
50818
19682
32270
53904
65104
56096
4320
50666
62280
6050
28582
14656
34012
53420
27046
36950
37588
50574
9506
44044
65462
16216
29944
35170
62376
59444
29398
4856
34782
26916
50642
60708
33408
54860
32158
33898
19224
29114
59954
9878
49006
52402
22500
28212
4344
53102
6178
51360
21186
44910
48784
24204
57298
23610
64180
9994
16918
27310
63004
27924
49606
1726
40706
36748
17744
62406
51072
17362
43452
9032
33068
8896
15256
59960
40262
51256
30818
23750
47452
19756
49254
55462
49274
25632
8496
17878
18628
57402
57456
5602
46510
61126
61284
35254
34458
52032
61118
17888
47620
13782
60168
48470
44324
29818
31128
31424
24606
9822
24042
53314
34470
45578
24466
62918
19754
38360
30880
7610
14966
25344
1160
34914
5598
43810
6026
7580
14826
43086
42652
38186
15224
59270
42960
46454
19814
48592
54074
45276
18618
53172
11360
10614
49488
29516
64534
58206
3830
13508
25330
44408
45852
17772
11306
35006
764
7480
2310
38400
32322
5830
56506
53812
47662
19956
16608
10550
18754
35030
59986
59164
34668
29516
5780
4078
45736
62720
43458
42492
14378
59894
9462
26272
40452
1424
7466
1414
61782
10260
23206
28274
8432
61114
18666
5516
11380
50734
57100
56874
36874
18332
43180
40974
54404
10292
5974
54076
44032
33590
50280
27188
33558
50812
52092
25282
61056
2426
58708
5448
56638
5834
27454
51840
63300
61496
60152
40900
4250
5444
29474
16862
6414
21550
16412
34374
28752
28028
61814
27376
1702
20992
61396
33938
12812
17256
11094
25454
40926
40762
55932
63128
19204
40040
24988
30140
56976
50000
2744
55660
27892
26696
46578
27108
58268
61600
10864
27728
8994
10804
12230
30360
9196
32108
6106
29096
3932
16838
57680
53810
46448
64738
39536
4098
18166
54272
11408
58294
48164
63508
14326
21268
53198
21576
10314
5068
63238
18176
10616
19646
15688
44398
9490
15816
27936
2442
28742
54790
27988
2730
21052
49314
14982
16512
2816
61464
25956
16544
33512
12286
32078
1682
19078
50508
20344
54868
4862
42278
25242
26976
18180
18976
38676
44600
60462
45068
21396
57964
29932
32314
9798
20260
43756
59466
17006
28708
23036
19818
49824
52568
58232
7714
5984
20186
25140
4258
35396
21372
34524
11136
15786
20942
54498
44806
37076
19362
26598
25846
20632
56352
59802
24280
40064
10304
57388
43708
59514
31198
64820
1670
762
52536
38158
6582
34728
6398
59092
15786
42626
39122
23732
23662
42886
57946
27878
60926
4826
3262
17166
39956
58746
45750
55838
37996
47700
5906
44752
4488
20472
13248
45688
8704
21184
64338
42620
13894
54136
38156
34868
31984
21120
56164
13654
38268
51068
58644
61662
41372
36214
57498
61554
15610
39820
2624
39500
25480
61968
1194
39844
52796
42042
23512
32664
52836
26180
31412
61070
12132
2078
56084
15908
9990
50318
47172
31124
56380
52444
3086
35484
35948
63734
7750
43750
55094
1052
28364
50674
14524
15878
16916
62332
14956
6286
38968
45668
25156
31188
54896
3094
26784
15084
60200
18548
48252
47872
13438
23098
56894
61176
61782
44012
39168
54700
34004
30008
41558
47228
21610
16608
43158
8326
34916
52006
22436
59462
30446
57516
23600
20930
404
26084
60808
