58
234623812
230749204
44809
15160768
471907
800687
313783
630205350
596772144
648239
310694490
43441
423866502
75822768
347141
640702140
695310396
409105216
376999203
304416391
162510160
976817
34919
32653
454017564
23759530
404309064
219917
340966382
19465920
438220035
3145387
316830300
81181992
20068264
54972348
552239424
478527006
225747456
505912339
148694172
450880160
78755904
82820936
365845950
859609
678712153
40233410
160253
65152108
278743
118579890
749423
557772528
52709
94759084
672059
90462850
