890
21134 2
4282 3
406 595
6514 2
24136 6
22819 1
23067 7
4437 5
274 7
809 8
3598 4
19646 4
984 4
900 6
1187 3
172 2
4263 6
27771 2
17555 5
9053 5
511 251
559 6
538 4
312 7
662 809
8580 8
23936 4
379 7
21276 1
11552 8
1 2
939 801
22140 1
743 911
521 2
376 6
32234 4
545 3
31548 1
391 9
19340 9
497 8
384 226
289 1
7647 1
8020 4
881 1
765 8
3 3
10894 5
801 6
717 33
236 579
7021 2
333 7
1471 4
16310 2
25942 1
90 1
609 628
12593 1
551 447
22249 7
17404 4
13765 7
32368 6
911 4
385 8
29150 3
21456 8
10721 4
21293 6
765 3
166 3
919 1
545 2
22683 2
251 1
743 8
30067 1
1 721
29506 5
2611 1
19082 5
708 377
15186 1
14715 6
9886 2
30577 9
638 4
29256 4
723 4
673 742
225 4
941 1
101 9
16255 3
307 5
26284 8
500 917
967 4
456 223
751 2
721 7
27640 7
21154 9
297 2
27436 7
645 3
28785 9
799 53
801 6
16067 2
26 2
31089 8
16035 5
993 8
5 8
81 7
293 625
301 8
663 8
957 3
22803 2
609 327
201 7
987 1
133 5
316 6
15770 9
201 1
689 4
25361 3
25733 8
369 7
761 1
2175 2
937 7
9306 6
11904 5
30340 1
19107 8
471 6
871 8
24701 6
637 2
186 4
13130 5
185 2
500 5
9793 6
133 7
833 9
25041 7
965 7
684 988
495 7
161 1
191 5
691 9
19492 5
18357 5
277 81
996 1
20337 4
8213 8
25998 7
6547 9
4429 7
277 5
985 6
15638 2
706 9
344 3
13170 5
522 7
994 1
11733 2
489 4
516 547
6877 1
12806 4
241 955
9811 7
535 911
12950 1
1377 7
717 5
19873 1
851 4
53 8
8589 4
332 3
23808 1
355 530
30231 3
10356 7
751 6
261 7
226 4
3531 3
17540 5
7409 1
11624 8
771 6
692 9
16298 4
454 3
11409 3
20733 8
205 2
30244 1
712 1
781 9
28068 4
6482 3
3630 4
345 6
25501 9
19858 8
221 7
473 6
28513 5
22844 1
12801 3
24438 2
129 8
694 7
693 5
1614 6
825 649
427 417
233 8
433 7
574 2
403 1
145 7
7908 2
46 8
257 2
29478 3
710 2
24108 7
13779 8
29595 1
825 6
292 6
17267 3
15978 7
118 3
7108 8
10243 9
26613 7
1861 8
479 9
288 9
11272 4
9598 2
368 104
30612 4
961 4
5865 1
393 9
7896 8
821 6
20897 1
17480 6
741 5
18470 9
65 9
12318 6
7998 5
24580 4
22931 4
508 567
133 1
23614 3
17974 5
406 6
753 161
336 6
4367 4
776 479
909 579
13219 7
827 136
626 3
396 2
247 9
27527 8
681 5
1803 3
121 9
26509 5
805 6
19596 7
953 1
4072 6
621 55
27941 4
31071 7
20230 1
28845 8
6231 8
28052 2
26349 4
939 741
14917 6
934 1
113 424
430 3
17021 2
13215 9
22257 1
15370 2
20291 9
305 9
372 659
10202 2
3227 6
503 521
19472 3
221 7
339 2
29198 2
4287 9
785 1
7186 5
28457 6
28370 2
331 2
18379 3
273 801
30776 3
451 3
32271 2
17016 9
27548 4
905 8
31787 5
28412 6
31083 5
10639 2
761 9
968 406
701 1
27058 3
32672 8
30415 2
18084 7
30329 6
89 6
501 5
19016 8
849 487
28761 1
1142 7
5 5
13179 1
9 5
14191 6
401 7
181 138
2849 3
171 5
224 8
3105 3
19254 9
30649 1
26841 3
937 4
29601 5
28339 4
917 4
32444 8
15195 8
41 930
11896 6
4360 9
14948 2
21741 8
971 719
701 6
32005 2
10469 2
1541 2
8374 8
46 65
954 3
12077 1
501 9
992 3
30938 8
12128 5
454 5
561 11
387 9
247 6
23433 8
301 1
169 6
1617 2
882 2
2662 4
8157 7
656 1
21119 1
31257 1
21 449
19587 5
885 743
29887 6
2781 2
518 3
561 674
15751 8
1618 9
671 5
415 7
29533 4
529 787
25030 1
101 9
31000 3
343 8
953 9
557 2
46 321
17521 9
12814 8
571 7
175 22
4882 4
260 458
18383 9
17201 4
31911 1
400 7
855 1
3747 2
201 3
646 3
173 9
157 989
6744 5
3894 6
385 5
24855 2
913 8
191 6
541 651
24 6
7346 6
682 9
14355 5
185 2
32724 9
540 9
294 6
726 6
7601 7
567 7
26762 1
369 4
25821 9
7307 7
15597 1
3505 7
23484 5
3284 6
7068 4
4038 3
18052 9
695 856
2690 8
10506 1
13533 6
16238 5
6845 5
10947 3
637 5
17167 6
16400 5
603 507
73 909
21437 1
2215 5
288 5
302 1
949 7
931 4
31638 4
959 6
29315 2
31796 3
28919 6
505 7
745 2
661 640
20049 7
9933 1
557 1
29719 2
959 8
47 9
17611 9
441 5
15303 3
14298 1
231 2
25431 5
21863 4
171 91
19394 4
578 3
22680 9
878 313
86 4
30978 7
101 9
792 4
1541 3
865 4
14055 7
376 2
681 9
241 2
31584 8
31394 9
751 6
221 5
811 156
12421 1
25352 8
226 2
31167 6
29477 9
9845 2
12332 2
18830 2
769 1
326 3
126 917
6664 1
24488 7
29001 4
22051 3
15930 7
1504 9
31 2
259 1
329 676
21301 7
5561 2
6183 4
22436 8
32156 5
18706 2
8756 9
3123 8
481 1
677 6
29547 1
31997 8
446 7
585 1
21647 7
30072 9
2838 7
479 4
11309 7
412 6
527 875
881 7
446 393
961 9
23212 5
130 9
4484 9
27645 8
1 57
9350 6
113 4
61 592
18030 9
32442 2
4191 4
19527 7
10204 4
129 1
541 4
7952 4
301 77
5780 4
14501 6
25385 3
29086 7
637 7
366 2
32573 5
15316 8
7888 3
211 4
1567 9
7199 1
30109 9
96 1
959 996
501 4
605 551
12535 4
65 1
30785 2
2582 7
426 1
953 4
813 445
484 785
13505 2
32697 1
141 205
673 1
897 7
414 4
625 8
645 336
5042 6
17665 3
476 8
870 8
583 7
1368 2
8827 3
384 46
461 1
8900 5
27529 8
6748 6
447 4
16075 9
7804 8
819 4
1535 6
353 5
27400 1
180 7
223 7
1206 2
943 159
875 196
17177 9
513 8
25522 6
27079 5
189 1
8188 3
9708 1
27473 6
29208 7
760 253
27836 2
29976 9
824 629
83 2
9368 1
18037 8
31761 6
5622 4
20929 1
9502 4
881 831
23873 1
11758 4
17042 9
16067 5
6671 4
484 4
141 631
901 797
3951 4
721 345
475 3
713 661
11965 5
805 2
18090 1
437 1
15016 1
359 8
531 6
801 5
838 5
385 2
10680 4
26888 1
21232 3
141 6
241 953
18764 3
553 8
400 1
377 9
10 9
1028 4
3091 3
495 9
11731 1
22079 3
10243 9
125 4
139 2
17547 7
7216 4
401 1
872 1
21837 6
6295 4
3107 3
31 9
501 341
847 96
809 1
741 1
2163 4
49 7
9 7
727 283
4947 6
31276 2
31001 2
17228 1
656 3
2234 7
826 8
27869 2
20523 8
14541 8
901 1
260 2
23253 1
131 9
961 5
678 4
5299 8
10163 3
476 2
333 2
764 2
421 6
2387 3
265 7
475 9
76 6
93 4
385 4
27014 6
781 9
22243 5
245 9
521 9
771 393
14897 2
6591 2
16 1
29826 4
12514 5
2400 7
2745 5
29298 7
508 609
321 6
30 6
24387 9
7838 1
30847 4
978 8
31837 1
401 6
31704 3
970 857
969 6
12858 8
26291 5
2921 6
30658 8
751 4
257 3
425 5
27606 7
29 4
749 4
18501 3
380 1
16415 4
21062 6
353 750
837 123
31272 9
1737 3
619 8
30867 9
521 849
8224 8
23048 3
981 9
15253 1
369 1
7729 7
57 2
15349 5
16832 5
18534 4
29886 9
14731 7
205 4
13821 9
4526 5
465 7
32632 8
3716 7
101 243
30486 3
17889 9
29738 2
20602 8
13455 4
6576 9
18237 7
20362 8
741 1
915 2
161 5
26424 5
19058 9
14093 8
153 516
472 2
26948 8
25145 1
11077 3
751 3
31262 1
787 5
13083 3
661 9
30052 3
667 2
22529 1
20833 7
309 333
19093 9
1067 5
21211 2
969 3
8790 6
785 6
15387 8
751 7
23085 5
12224 8
683 6
28183 3
899 5
762 4
16302 5
13382 2
21766 6
339 3
27529 4
32364 9
19099 6
26684 7
241 1
369 4
919 904
4583 9
923 1
658 653
671 4
748 4
2286 9
7269 9
20808 6
230 5
361 4
9917 5
25330 8
32215 7
65 9
298 503
