651
976 2
981 9
974 7
14630 3
24172 6
23329 9
627 7
3118 3
25 200
521 3
11560 1
14897 3
405 311
703 4
31496 3
5209 5
281 1
777 7
583 1
14831 1
213 1
4 397
103 513
1 9
537 5
4082 3
8391 4
625 5
29956 1
21000 2
773 3
831 9
203 9
4174 6
203 3
217 3
937 7
623 710
272 8
30917 8
741 9
21715 6
30068 1
841 4
213 8
396 235
12541 8
13888 5
7892 3
42 8
4050 5
13515 8
28790 2
25329 2
74 151
933 6
23869 5
11785 1
605 1
5684 3
505 2
26059 5
747 221
17229 5
7465 5
32370 8
389 6
96 6
639 1
869 6
65 826
9 128
3557 5
1 265
3726 6
76 432
27241 5
17675 3
28679 7
376 3
495 8
537 5
641 7
21298 4
12997 4
63 5
515 353
561 761
15833 4
20598 6
9 3
19165 4
18369 9
485 726
2756 7
17996 2
19827 6
18400 4
563 3
775 201
361 8
762 7
367 5
802 806
11538 8
10923 6
934 351
26024 8
8802 7
30580 4
968 5
13728 7
32180 9
376 193
901 5
746 558
20923 8
13144 8
655 4
761 243
777 9
329 9
4 5
19197 2
31466 6
19574 3
719 7
987 7
661 6
113 4
405 6
30227 5
27216 9
5598 1
13009 3
142 2
281 298
849 6
511 161
873 5
28755 5
705 3
31787 5
21389 7
15574 3
621 2
13237 5
769 5
265 5
641 8
7609 2
14378 7
305 251
12546 1
18097 3
19487 8
551 3
30383 3
25183 8
865 273
421 813
321 1
3683 2
258 870
225 535
131 9
756 222
841 2
24935 5
31272 8
6337 9
12227 3
780 6
137 216
5190 1
7544 7
9488 3
537 537
511 3
263 7
309 464
23845 1
8294 4
9100 6
681 113
414 5
27695 7
5037 4
25570 3
529 5
71 891
713 773
3890 8
857 1
23917 8
29447 3
2901 6
56 4
31112 2
513 980
17972 4
89 5
932 5
251 4
4774 3
23896 1
467 8
624 1
93 9
541 1
549 6
22246 3
808 8
105 6
999 361
23623 9
309 6
101 1
16367 5
11291 6
101 3
27021 1
701 4
341 8
16286 1
4269 9
641 921
25208 1
8445 5
753 4
2559 4
96 8
5881 7
41 8
20261 4
256 65
406 4
25262 5
15638 1
908 3
32489 9
15394 1
193 4
959 8
65 688
12065 6
20705 6
15596 2
27 8
533 2
26779 6
870 5
570 4
577 9
25245 5
5982 5
9627 3
29246 5
346 2
19420 5
10165 7
31958 4
19627 9
19223 9
14018 7
245 8
41 3
211 11
12340 5
201 361
782 7
29029 3
41 1
17765 5
101 817
289 8
7512 8
919 8
717 9
20650 7
13799 7
27 1
361 1
18794 3
12333 1
29546 8
1854 7
17620 7
446 1
659 7
31183 4
549 911
14514 3
23806 6
699 405
23 3
116 4
402 6
961 1
14407 8
369 9
23846 2
38 3
7153 2
1634 3
13 4
905 1
961 9
206 5
15380 7
4260 9
500 145
63 911
565 2
635 677
23685 4
753 8
15522 3
19758 2
71 7
17772 7
912 7
426 889
20428 3
335 756
673 265
110 8
191 6
249 9
421 9
25665 8
10564 2
713 3
281 109
718 8
24616 3
27478 3
399 7
327 1
541 6
1310 4
126 444
758 843
11467 6
30344 2
17114 2
7009 7
733 730
561 129
894 1
7994 3
997 645
516 1
937 8
337 187
655 2
225 871
313 25
30831 5
41 1
192 954
295 1
15284 2
676 563
23883 7
506 8
905 1
57 3
26467 2
11450 3
1023 4
851 7
29459 2
989 9
1918 8
7641 9
1663 6
83 2
14729 6
443 9
485 792
14440 7
517 291
609 567
155 6
27209 1
759 3
741 5
744 5
3477 3
18233 4
113 3
489 2
71 5
846 1
876 2
205 7
16084 4
3490 4
8354 2
527 37
31219 2
856 1
25557 7
212 6
3199 8
673 8
356 8
18832 6
21418 9
6156 7
137 558
721 6
25253 3
13580 8
31012 7
473 495
19036 9
5228 3
17 349
554 9
300 7
805 7
409 857
986 9
24869 8
161 1
9259 8
170 7
221 8
889 3
30751 7
23534 3
695 5
701 8
29518 4
734 8
345 305
10510 1
901 6
271 9
241 9
23966 1
857 5
30320 7
553 641
12954 5
28516 5
26616 7
21844 2
4637 8
21137 6
6333 3
14576 1
623 6
187 590
655 553
127 341
13 7
126 2
1500 2
4339 1
19413 5
5392 4
937 6
8684 7
349 897
21277 7
329 4
977 3
24577 8
652 6
61 775
721 2
12538 7
297 9
3446 3
6763 9
6415 1
29710 9
631 741
18850 3
16631 3
47 6
15253 3
992 9
601 6
455 3
26099 2
26574 3
12935 3
211 4
651 321
441 705
933 5
8589 2
701 4
18257 9
605 8
17928 1
2702 6
311 7
521 2
433 4
15214 6
10615 5
440 2
12995 8
20439 5
6843 1
24789 1
16014 9
5205 7
19686 8
941 5
201 9
966 7
26328 5
701 654
404 335
23704 4
635 289
876 567
481 4
21717 7
17947 2
65 365
996 6
30861 4
349 4
8439 3
13780 9
784 8
4810 4
905 5
1192 3
22276 6
30318 5
53 3
815 2
12759 2
27199 4
889 7
24837 7
958 225
861 997
3973 1
89 4
8053 1
861 3
916 641
589 3
332 296
28503 2
206 304
11064 5
783 422
247 6
455 268
289 658
28430 6
239 3
11819 5
726 4
201 8
15858 7
963 5
427 693
22073 8
14515 4
4465 8
481 6
20607 5
8549 2
99 545
705 1
458 6
525 2
7085 4
4852 1
27993 1
894 2
774 3
369 1
18216 1
3244 9
29941 6
16503 6
25031 6
7248 4
440 4
29393 5
253 9
81 1
81 7
30497 6
9474 2
20047 3
31359 9
97 3
43 461
13035 2
801 6
29296 7
593 505
1764 2
113 3
8174 1
421 951
445 53
616 1
29651 3
30843 3
268 1
2823 4
14939 6
11354 4
825 1
373 7
91 1
221 8
481 7
15592 9
631 6
181 2
7846 6
627 555
21283 7
12630 7
8674 9
501 8
22894 1
12495 1
14974 5
321 9
12256 8
684 5
14850 7
114 7
257 5
21895 5
30974 8
10963 9
19284 7
433 3
527 6
14153 1
409 8
641 963
695 7
26471 6
