746
563 6
17440 7
324 3
26173 1
57 6
57 880
19262 2
22264 4
653 922
19485 9
930 969
6830 6
25472 2
3452 3
13783 5
26037 1
20720 6
377 6
601 4
84 6
261 3
345 230
14978 6
19032 3
10919 3
9251 2
801 4
401 465
170 7
441 5
245 3
201 819
22785 9
681 3
177 5
44 9
271 5
2343 9
7284 1
27240 2
891 7
4759 5
11279 9
18068 8
776 121
5755 8
645 2
299 796
835 1
17426 9
841 6
7236 5
23682 6
261 6
241 3
14970 5
17125 4
1730 3
646 2
21252 6
823 319
10579 8
22314 8
19638 4
707 7
10374 1
24389 9
5424 6
30341 8
20838 3
513 5
24739 9
10124 1
17906 8
13021 3
853 2
23550 4
308 9
346 7
31339 3
20515 4
20909 8
910 3
853 658
440 60
31529 2
361 7
9746 9
561 2
917 449
532 6
19992 7
10058 4
251 8
29044 1
20117 8
22301 8
623 9
16999 8
701 8
331 586
8365 9
10392 3
773 2
2195 9
12131 7
2416 1
29895 6
241 7
12100 7
657 5
20902 4
733 2
27283 4
7128 3
20079 8
5220 6
25 881
11042 4
207 3
850 6
18443 8
2154 2
741 1
18864 5
666 4
9052 4
13021 8
8181 7
209 3
319 1
26261 8
456 139
191 1
7452 6
212 4
431 9
563 301
101 27
5369 9
893 7
401 177
601 5
18651 2
272 401
30507 8
8071 4
35 9
897 2
185 2
357 8
7537 1
569 7
816 6
15179 1
505 8
24480 1
27380 6
3641 9
6 6
410 691
1 9
3719 2
32329 7
1 4
919 4
265 647
11507 4
168 6
55 3
897 1
113 4
461 7
213 701
711 3
444 7
27305 8
18295 8
16662 4
945 2
113 8
406 4
5522 1
13922 5
14961 2
781 1
7429 2
775 3
27935 2
89 164
18654 3
22227 3
14229 6
705 300
376 2
19363 9
263 6
166 381
481 418
22826 7
6289 3
927 438
19717 2
16159 3
13726 6
661 6
26671 2
8472 9
23686 2
657 7
173 277
176 9
741 481
766 1
27097 3
28267 6
501 3
125 5
912 497
381 826
1785 8
11 1
8651 2
821 8
851 285
781 5
10151 1
822 238
19051 4
761 1
351 3
9792 4
2624 2
609 1
5652 8
6498 6
413 8
26157 5
8777 8
275 2
15732 9
212 9
13737 9
24179 9
20509 6
32373 6
671 778
441 7
30193 9
9802 2
19683 8
18 8
526 9
26884 4
24281 6
1595 5
10182 4
869 7
293 5
747 836
20758 3
981 1
229 8
310 7
16441 4
7262 5
20243 9
375 65
677 8
25743 8
722 2
8167 3
673 501
10721 4
9509 6
26322 7
7048 5
15043 8
20480 4
138 191
12657 3
1510 2
23389 5
691 3
4165 3
886 361
14133 5
821 983
22594 5
885 4
209 2
477 1
449 8
78 95
701 2
605 51
27150 7
28498 1
5531 4
30531 4
147 2
625 2
15583 5
225 8
17613 1
9255 6
21090 7
2015 7
231 4
31493 2
706 8
26165 8
161 9
934 1
23329 2
27606 1
29489 3
22928 6
23870 5
21 868
255 963
32073 1
307 7
984 4
1094 5
929 3
7744 5
7725 9
457 5
25146 8
31275 4
425 5
876 8
348 2
997 7
184 201
2949 8
436 355
20717 7
611 2
85 5
11737 3
29990 1
23833 2
25456 5
561 76
15317 3
521 871
717 8
485 1
6198 2
233 6
377 1
81 4
27170 6
24643 4
9780 2
19722 2
1993 2
857 561
65 99
30122 5
901 4
30421 7
754 4
13471 8
25752 7
4161 3
3437 8
376 665
16768 9
545 2
12371 7
7383 7
565 4
32138 2
281 2
8199 5
15792 9
621 1
267 2
143 4
635 157
5370 4
15839 7
701 9
53 7
649 327
234 286
496 961
367 33
16335 9
5434 9
808 1
15921 9
221 4
527 5
518 801
509 7
473 739
11557 9
337 9
357 965
873 6
51 35
22759 4
10510 9
14166 1
446 89
761 7
23412 4
22414 9
593 1
167 1
335 185
226 368
141 172
11472 2
23443 4
30594 9
26657 8
20443 6
1 522
713 7
31231 9
18345 6
11329 9
3927 6
31779 1
760 4
701 289
14916 1
417 4
93 107
23732 1
12596 3
29 2
13045 3
445 9
18073 9
6789 8
2737 2
18501 1
19370 5
19451 7
19126 3
1976 6
29032 8
25906 4
357 741
31045 7
31720 4
27557 9
357 381
289 5
325 1
31516 8
754 5
239 905
57 6
18588 8
8068 4
16318 8
86 759
20065 8
16410 2
18354 7
577 2
642 7
811 1
20431 8
345 3
12977 5
19041 2
761 536
3825 3
12330 7
32611 3
419 2
446 457
31931 7
11004 1
456 5
2108 9
9751 1
25735 7
876 1
43 1
325 4
9444 1
857 2
681 4
24807 9
9998 3
467 6
61 619
5855 9
25678 9
7658 7
28543 1
14205 6
24388 3
2206 3
417 1
9644 8
7474 8
372 6
234 6
22106 8
17262 3
10626 5
667 7
443 5
567 1
9315 8
97 3
11072 7
183 3
3985 7
869 8
2997 7
881 3
620 2
23410 5
274 8
245 281
29409 5
807 8
211 789
27902 4
13681 9
22018 8
598 5
9679 6
20678 7
917 1
49 849
269 6
32726 5
319 1
18130 7
22496 1
521 447
5296 8
14624 5
779 4
14174 2
157 795
30533 7
615 6
8366 3
241 520
17911 9
877 1
571 7
23842 4
10258 1
6343 6
23707 5
30020 3
10665 7
453 2
32172 8
2034 5
731 891
156 6
737 4
422 1
33 2
14703 9
19526 1
855 7
202 933
23547 7
11816 7
161 901
946 3
7895 2
809 709
465 4
835 1
691 213
425 1
27049 4
477 3
9552 8
543 6
10940 8
33 321
16552 5
7329 4
25410 9
201 5
181 1
5736 6
27378 6
1292 4
21587 7
951 3
16108 9
9468 3
623 5
3042 1
10367 5
20295 7
785 2
545 681
25350 1
113 1
573 825
889 176
499 81
911 497
581 524
791 723
24456 1
535 1
12387 8
513 3
23031 7
453 9
16015 1
4067 8
26527 5
7663 8
106 6
192 821
626 3
16706 2
354 8
460 8
18633 9
1487 9
12253 4
171 559
103 7
30409 5
751 6
12633 9
1 1
743 4
756 6
601 5
468 2
81 920
609 1
29433 8
1251 1
9072 7
265 9
19824 2
9609 2
682 4
9383 1
981 5
588 2
2234 3
237 5
19558 6
24326 4
24456 4
909 1
3221 4
751 8
17585 4
409 915
457 8
1559 4
16847 3
753 72
230 4
983 6
633 2
31696 3
859 3
17008 4
5009 5
9173 5
960 3
2508 8
381 5
3264 9
24939 9
873 1
193 4
121 9
119 1
569 889
2874 6
28408 7
874 485
848 5
991 555
518 8
7412 5
10739 1
20600 8
20775 1
711 4
22487 8
743 678
31051 8
945 1
701 225
876 2
129 9
81 363
806 4
8791 1
14809 9
8465 5
11274 1
7660 5
14100 8
716 2
8529 4
26514 8
14387 3
559 155
325 8
639 5
393 21
509 7
477 5
185 8
61 6
227 5
474 1
121 8
253 246
7266 8
28880 6
17599 7
14626 7
6573 1
590 8
225 736
32424 3
32086 3
837 2
891 248
782 4
12044 8
25 414
225 7
356 533
