695
8096 3
6788 1
19025 7
9602 4
349 1
613 2
20459 8
32367 7
967 8
29916 1
145 7
10804 9
379 899
811 7
686 2
808 8
15082 3
823 5
559 5
26066 9
421 8
19694 6
851 7
447 5
16541 4
22667 8
20678 8
5677 9
420 1
674 9
313 5
11684 9
792 7
9981 3
25287 7
643 1
921 161
20786 6
31400 4
11869 1
913 3
5725 4
504 473
24486 8
5321 6
351 5
247 5
12826 4
249 725
545 9
957 3
797 5
317 65
2090 3
283 11
827 3
212 2
27320 2
10755 9
4429 6
11813 3
723 605
19201 3
12366 8
28001 3
6584 2
23819 3
26231 8
90 9
5838 4
53 2
129 468
3734 2
346 1
30152 9
425 3
11573 3
53 2
141 7
571 9
20291 5
165 5
429 5
101 9
8725 6
14703 7
3035 8
998 8
431 565
23100 8
10879 1
5226 5
26581 3
596 91
167 4
22770 1
613 1
31248 5
29828 9
25016 2
1670 9
1 616
12316 4
20546 8
95 4
23 4
696 471
9077 1
7619 8
737 7
918 2
989 1
3074 7
241 703
101 890
201 173
23672 8
4342 7
1 5
976 4
9826 6
641 705
465 6
231 4
3611 4
5399 7
837 809
18447 6
17369 2
5857 3
21 7
61 9
31926 7
65 1
18909 6
729 2
577 4
11545 8
20981 3
5775 9
521 217
24314 5
756 7
503 2
23428 4
741 1
403 1
24368 9
425 374
170 549
532 993
7332 6
20224 4
811 6
497 1
710 2
801 4
7168 1
26186 1
301 9
166 4
1306 4
109 921
20163 2
351 3
401 311
19882 6
26263 1
19945 6
16295 5
185 6
12295 3
27591 7
3673 3
118 4
781 636
15128 2
763 1
175 4
12101 6
301 7
492 2
181 4
29987 1
8981 4
805 1
24874 4
24588 5
26483 5
4753 5
50 865
826 8
795 6
6351 9
25 6
19688 6
898 7
32630 5
564 3
21563 3
8462 3
25 2
25758 4
20878 9
569 277
4891 7
483 831
2034 9
153 5
123 6
14200 1
161 87
22581 4
13788 5
244 129
1 880
1330 5
916 18
16869 1
2366 4
321 7
552 881
921 5
20289 9
7864 1
904 5
557 244
801 238
13480 7
9997 7
27886 5
4794 1
10633 6
331 949
325 4
18277 2
23996 9
326 4
83 239
417 724
22569 3
232 579
26324 7
762 3
17340 5
27377 6
105 1
483 569
899 9
1890 6
25379 4
64 8
30180 6
22258 3
14538 9
692 1
11214 2
746 2
7388 8
6651 5
729 411
551 17
376 497
26693 3
509 1
648 316
126 311
4 4
32762 4
301 5
749 8
969 3
1815 6
13178 7
401 321
9100 3
32433 9
430 289
16964 2
15758 3
18895 9
965 3
24813 2
63 6
14674 5
22819 2
5490 5
8406 2
456 3
801 330
241 26
5821 2
4960 9
1297 8
419 5
353 6
9001 2
229 1
757 8
18252 8
15385 7
2771 3
26544 7
290 6
889 929
16246 5
23394 2
464 5
827 1
5643 5
548 9
7044 6
127 8
27753 3
17502 7
31640 5
101 933
397 2
369 4
951 1
24577 2
441 9
247 725
480 9
20301 3
678 1
9974 1
27153 7
977 8
434 6
12151 9
616 6
813 7
616 219
22856 7
892 6
13501 4
5184 8
449 2
21553 4
28855 9
871 415
1704 2
920 3
28723 2
26702 5
31742 2
1602 6
31560 7
10894 9
27719 7
15872 3
91 465
849 4
753 6
15969 9
27936 3
249 4
16180 4
295 1
401 6
337 5
695 5
14259 6
519 6
573 1
15140 7
437 6
29103 2
3000 7
589 525
16158 1
14649 3
19957 7
19916 5
47 9
53 177
31299 8
995 4
29298 8
18244 7
14747 1
2719 4
199 113
402 697
22204 4
737 580
646 8
19870 9
25049 9
24925 4
301 206
3739 6
28861 6
54 5
508 7
6383 3
7721 2
29 317
18905 3
16176 3
521 2
13540 7
486 6
15709 9
575 8
276 2
239 5
769 489
24839 8
169 7
17896 5
41 6
32066 8
439 7
6259 6
18284 5
21306 2
31193 6
881 9
18347 4
27412 1
576 991
10537 8
12865 9
25309 5
413 2
10194 4
901 704
113 153
518 9
97 237
869 496
559 2
7314 7
609 7
771 3
437 6
679 6
821 1
676 5
818 4
257 861
30039 9
23776 2
603 4
850 631
705 1
20793 9
953 2
801 9
46 6
1883 2
156 6
347 7
29140 1
793 911
8671 2
133 7
4530 2
831 852
871 6
341 5
29600 4
476 3
561 8
248 6
12650 1
20492 3
115 8
201 913
981 541
7281 3
18319 6
16111 1
30118 9
372 1
381 1
462 777
865 1
441 4
2219 7
741 2
742 943
126 5
321 9
23395 3
25084 1
41 253
16161 9
660 221
81 697
349 4
521 4
575 249
6674 4
14321 7
297 8
887 353
10657 1
61 2
603 4
681 4
19072 7
667 63
27332 4
28342 6
23435 4
1158 5
191 4
211 649
903 877
19659 1
134 2
7697 5
8019 9
1589 3
17732 5
869 313
11000 4
21403 1
883 505
989 3
715 4
133 5
7570 3
578 1
30023 3
8876 7
4005 7
231 9
30404 7
6783 5
18036 5
609 3
1752 4
361 9
27912 8
508 73
9 981
17865 8
909 1
440 640
1363 8
32718 4
8754 6
413 451
333 7
801 6
10946 5
50 653
711 5
166 5
31437 7
2412 3
875 1
24663 5
19123 2
7680 8
27591 3
69 86
671 2
29279 4
18953 2
4013 4
29352 2
959 7
20439 6
255 88
30521 7
14020 5
769 6
929 7
20516 5
513 3
1 553
8387 9
4036 1
394 6
27236 8
11809 7
24296 8
6851 9
879 18
4710 7
24431 7
5365 1
609 7
271 199
699 5
15749 5
736 3
718 577
813 5
30 3
5524 1
1463 3
621 4
4226 2
434 411
28248 3
819 9
29671 2
26092 3
369 9
859 3
956 7
401 4
903 1
15693 7
6621 2
16023 8
157 367
19957 5
801 845
15253 6
27709 6
481 2
28090 1
14780 2
294 9
906 8
25 6
30264 1
18314 7
10710 8
381 6
305 7
27707 7
753 6
17784 8
9098 3
124 5
441 5
28589 5
647 3
5949 6
901 6
985 4
10121 2
21613 8
24939 9
23033 5
14315 8
206 3
251 4
31062 3
593 8
999 4
18183 5
19337 5
22780 7
821 2
14564 5
25751 9
521 627
451 1
356 2
613 2
75 9
12320 8
293 93
14878 7
516 6
8110 8
27219 6
211 1
445 825
27879 9
16892 7
8017 2
98 2
17156 8
946 9
487 9
561 4
533 641
673 8
8767 1
28569 5
769 711
617 856
23152 2
803 9
967 6
79 487
201 9
1 6
29782 9
498 1
783 6
26076 5
24939 1
908 6
16311 4
