967
17562 1
4698 1
665 9
912 2
9608 1
381 3
18753 9
32311 1
881 9
827 7
19638 2
16822 3
181 8
1480 6
25 9
5391 4
27604 5
809 345
142 7
21141 4
725 7
433 4
27625 9
313 7
983 8
14543 6
201 1
27516 3
6 1
117 3
16265 7
23776 7
22393 4
19100 4
734 964
513 551
20208 3
30395 8
292 8
14447 6
5131 4
523 2
925 721
22562 6
376 5
249 8
261 121
337 8
20381 9
14044 8
15008 3
28791 6
785 8
6028 2
28114 6
726 321
931 589
23781 7
30281 5
889 4
22380 6
261 3
3596 5
169 289
17081 1
361 1
673 751
441 5
6611 3
895 8
675 2
2960 6
25214 8
161 7
28261 8
106 9
733 4
9941 7
811 151
15416 9
16051 6
21413 6
577 5
31151 1
868 51
29757 7
21837 7
583 7
31965 4
61 65
469 2
961 9
18 5
3547 5
393 7
27265 4
121 4
11994 2
157 9
29522 9
15990 1
18893 4
101 8
256 8
617 101
394 5
5708 8
165 727
17837 5
26727 1
313 182
841 1
151 266
676 8
14678 1
30015 4
6167 3
11112 8
87 168
891 7
573 7
31652 2
909 5
18 2
94 6
14637 9
12029 4
10085 6
2410 9
491 374
28190 2
491 41
265 5
30681 5
5721 5
10097 6
191 1
161 2
501 8
32457 3
169 695
622 9
1192 9
25888 8
18696 7
26171 1
685 8
5300 9
941 1
19063 4
295 465
14548 4
29860 1
312 657
365 49
31469 4
960 4
146 6
844 5
357 7
401 317
30493 3
905 3
1278 7
13486 9
10729 4
19023 7
751 7
15296 2
23920 5
3142 2
363 5
486 205
490 2
615 2
25142 1
8229 9
7846 2
15010 3
20360 7
13963 9
17931 6
456 2
378 4
5770 9
23490 8
12342 8
951 801
301 9
23523 5
437 8
832 6
837 4
17905 2
151 1
1828 1
321 937
31927 5
750 4
217 3
26 2
821 73
23589 8
501 9
528 4
3 1
821 8
23055 3
137 8
705 7
977 6
27784 5
26394 1
5292 3
12347 5
751 701
7797 1
26173 7
845 4
133 792
16641 7
12971 7
13382 3
909 9
125 8
733 8
22817 2
29 8
8340 2
26162 5
977 8
6486 3
1388 9
81 7
304 5
234 6
14819 7
101 249
225 9
10212 3
27042 7
24889 7
931 5
27138 2
251 3
479 514
609 841
17381 8
21479 3
29814 3
912 9
24754 6
14239 2
141 72
5266 4
10509 8
30579 5
425 649
823 1
23012 8
631 2
10112 1
616 3
446 1
8531 3
15730 9
5657 7
189 5
17493 9
857 5
18651 4
13196 3
18251 9
775 2
534 3
2503 9
1227 8
421 8
129 337
10955 2
9324 5
265 9
16554 3
301 561
717 5
2192 2
764 6
27257 7
30929 8
9 2
11292 1
991 9
647 7
10973 5
11385 1
32734 4
28358 3
24478 9
195 1
31773 4
8551 9
3541 2
111 721
2982 5
30450 8
743 7
134 5
245 374
481 6
27801 4
995 1
482 491
5628 4
6414 8
1242 4
10857 5
5261 9
401 6
17658 6
61 9
272 607
297 6
25525 9
16685 8
17913 1
7798 5
465 541
14925 4
13569 3
10035 4
159 5
327 863
349 5
21046 1
996 405
12135 5
401 993
840 705
30463 9
369 416
318 609
15440 7
5551 3
32564 2
22493 2
361 4
24403 6
369 2
31480 2
291 6
430 4
11262 8
76 4
13195 1
28170 6
789 7
321 7
109 990
415 201
7793 2
11024 8
6399 4
30768 4
38 1
861 4
22240 1
65 5
25773 8
931 8
476 4
24607 5
24577 4
285 2
285 9
477 8
348 929
836 597
245 325
758 7
10970 5
24751 4
204 8
4739 8
19139 7
432 7
22506 1
623 261
301 5
897 7
6018 1
16097 9
67 4
647 4
705 8
265 2
234 9
10557 8
6250 5
18123 3
501 6
21238 2
349 3
7172 7
5361 9
9828 6
22797 9
14973 7
22491 4
456 742
273 5
32688 2
540 919
10341 7
25755 3
12933 5
753 5
12029 4
101 3
691 1
12221 9
753 2
26937 8
399 7
15374 2
558 817
741 849
11734 2
953 6
31797 7
61 921
5249 1
19331 5
852 1
14673 7
25411 5
936 3
15448 2
10574 4
355 8
754 9
313 4
956 601
31402 4
837 8
4818 5
421 1
7153 4
440 4
415 5
11674 7
492 176
533 4
726 6
333 2
12224 6
14829 8
9598 8
683 4
3482 3
27421 9
3534 4
21141 8
904 7
8904 5
16118 6
631 1
925 846
32671 3
4882 9
7 7
23139 9
371 232
1614 2
13945 1
303 9
25860 1
31312 8
27789 5
481 215
232 5
18127 9
9279 5
986 4
25428 7
109 81
4707 3
2280 3
311 4
25126 1
77 9
561 6
541 4
221 9
31514 5
5839 5
501 2
377 2
1005 9
26744 7
465 661
28864 9
91 9
100 6
1180 9
271 949
351 817
231 35
7528 5
14051 1
11 3
2645 4
717 2
247 5
26013 1
683 193
17914 7
161 235
15573 1
658 6
673 3
13184 3
603 2
633 2
9628 1
24132 5
325 223
31817 9
31549 9
2342 2
166 6
2323 8
22572 5
909 8
9505 8
30632 9
19428 6
764 4
11921 7
29319 1
1000 6
32695 9
563 7
974 401
743 4
345 5
156 4
1546 7
24290 1
30887 8
29332 7
787 5
416 531
281 7
12399 7
29587 6
31750 7
721 9
17371 1
41 5
485 4
179 699
453 5
95 2
12010 9
24085 8
7 4
15214 7
24485 6
801 2
8484 3
3977 3
31499 6
161 9
21381 3
21566 1
25946 6
37 993
28678 4
93 6
27 9
16498 2
111 501
726 3
13469 7
6498 6
5198 8
4795 8
445 1
241 8
569 986
608 345
19395 7
21871 7
421 7
306 9
941 8
486 7
5213 1
36 6
285 7
708 3
853 159
1523 8
24632 6
17409 2
16693 3
665 1
19009 3
213 7
21727 1
177 4
861 7
968 2
880 137
391 1
4840 4
26537 6
573 3
832 4
712 9
499 2
21123 6
26305 9
221 6
61 366
20886 1
8361 2
29609 6
28088 3
10550 2
8234 5
29667 3
727 4
447 6
466 7
20820 3
615 9
15230 5
83 3
141 5
6944 4
3016 1
193 4
1932 8
809 510
377 913
106 5
2530 1
3426 6
729 7
892 5
746 9
22037 2
28376 6
23898 2
25 9
111 3
24686 7
285 2
425 5
27434 1
973 9
15233 3
427 281
12674 9
901 573
26969 9
757 5
13537 3
185 4
665 4
533 8
405 196
14457 7
7653 2
15742 4
377 5
811 6
27270 4
359 599
156 6
951 5
27163 9
242 451
273 8
619 1
17981 6
729 9
25655 9
76 321
11065 6
31992 9
216 5
158 3
671 6
608 9
975 635
404 701
673 5
19755 3
31197 8
836 681
985 5
13320 7
15680 6
47 601
921 601
837 201
888 7
355 851
1513 5
3535 1
964 79
17828 3
21960 6
20311 8
4486 1
95 7
29901 6
625 239
419 329
50 7
22093 6
305 683
110 9
23279 7
2176 3
26 1
21255 4
937 4
9175 9
385 7
6105 8
172 315
951 2
6423 2
24953 8
20203 5
207 1
25471 2
25098 3
21749 7
8258 4
229 5
27994 4
6670 2
531 6
10032 9
749 365
19783 8
699 3
6719 1
3703 6
9328 5
5896 2
15255 2
27600 9
18152 7
337 7
505 689
166 581
651 5
11268 4
16509 1
8461 3
2568 1
794 93
145 7
827 7
14069 6
13549 5
8157 8
688 8
16 41
381 8
5645 3
768 5
354 2
561 161
1671 6
9357 4
352 6
213 5
8386 9
681 8
226 153
201 10
87 9
20947 6
4561 8
185 264
14959 6
7590 1
6701 7
382 3
797 1
125 6
29305 6
14210 8
27928 6
23768 1
20468 6
24801 4
857 8
29071 3
11880 2
465 9
837 2
110 8
429 6
21081 9
272 758
5898 3
6870 8
272 6
32375 9
780 9
11 9
26431 6
516 3
555 1
2782 3
501 3
303 4
840 9
20870 7
231 57
243 3
7658 2
721 6
1286 1
720 1
608 768
5799 9
28649 9
1306 3
29751 8
2414 7
433 750
13 5
801 4
7559 5
9628 6
29575 4
24773 8
523 9
377 809
4330 5
865 753
15952 9
22762 9
10315 8
26230 5
29962 9
12661 2
687 2
401 9
24186 1
4199 8
911 4
21295 4
24455 8
433 345
549 8
190 4
205 56
553 7
591 2
1701 3
911 128
19767 2
1342 2
561 8
901 2
491 9
20209 1
26550 1
73 8
32736 5
97 603
715 5
19948 5
23792 4
635 1
8421 6
6735 3
413 811
21518 2
21332 4
501 395
279 2
24737 9
1996 3
735 581
15658 6
382 4
54 7
27416 5
31480 8
25940 9
31363 7
345 355
529 9
11833 9
229 2
557 3
17364 8
24328 9
165 657
16101 8
153 6
758 9
723 8
15165 1
11406 7
339 7
15559 3
901 543
24266 3
971 4
19685 8
14685 6
549 5
24 1
300 2
819 2
19975 8
683 3
727 5
901 1
281 7
2295 3
601 5
831 6
554 29
101 713
5823 5
31073 2
611 301
376 4
19856 8
761 9
4847 4
25771 3
301 447
13029 6
2958 2
15262 5
277 5
457 367
351 1
425 7
732 3
901 41
85 316
169 5
11406 7
18999 6
473 2
425 4
850 7
9426 6
537 1
3671 4
893 665
713 3
996 5
