1175
29792 15
22443 31
49936 915
22239 471
24688 7
2705 18
25321 42
5327 24
98737 98743
21912 67
20653 55
28158 84
64952 425
14233 422
17020 65
22696 73
3573 5
22336 61
14326 97
35764 883
18014 686
3560 80
30879 120
13049 20
28279 44
19908 17
49051 909
11408 43
62419 638
14401 924
5091 29
82313 12
88966 108
26239 17251
16553 34
64213 913
4177 94
43361 92809
10454 35
96385 740
12043 22
7559 27
44082 422
17531 48251
26945 78
24588 31
54912 98
59179 236
5540 31
17013 314
76529 223
14538 12435
62691 275
472 98
30021 388
17854 24
27721 601
35590 343
32156 40
17892 46
57263 625
10616 74041
8090 71
55941 926
3743 58
59456 390
15707 28431
26650 94
20521 96
41733 13993
14491 3825
12510 34
18745 98
97097 354
25601 790
96305 253
57532 842
17215 336
50066 554
96641 141
26633 548
22409 694
31769 40
28014 35573
11331 60
28751 60
24857 54
44683 486
64719 643
96636 341
36596 93366
934 94
4105 785
90753 634
11508 47
21037 27
16201 37289
22005 23
81901 69721
15679 98
35942 23209
18931 98
1216 37
38259 226
2709 67
44169 3821
35555 89550
67395 948
29617 63
25881 18
61705 86493
4541 51801
2753 76
73233 191
25176 72
27313 70
31026 24
29522 69
55415 97891
23677 46
42097 17444
24393 51277
5282 36
947 27
41203 58872
1155 786
19988 37
1572 30
22953 169
27694 8
59522 53377
61615 437
25851 392
1907 72
6574 89
30351 56
6969 55
20192 56
54749 546
66061 253
17997 22753
31372 52
10131 14150
31344 60
1354 49
67218 71676
30401 914
5907 14
30534 82
23772 94
14937 56
9097 128
4175 48
6114 71
21218 44
21269 6
39886 600
50423 35416
91137 718
3324 22
55790 91323
27476 23609
3978 38
16492 72
39376 18023
63059 453
94152 40321
36297 86
22961 190
30916 62
17072 67
93661 57259
26145 59
90466 600
3430 374
40765 508
10097 589
8087 26
32575 45763
8616 87
216 30
27900 12
27865 32
39225 329
87363 713
37494 944
16702 35
21230 18
6336 31285
12285 77
93751 465
97937 72697
85305 934
25651 26
7389 703
1520 84
18281 89
13480 36
52321 36948
24606 23
53965 284
28321 38
21849 745
23816 19
7562 7
7592 94
14509 54
11441 97
20400 84
6879 23
63 67
94101 64
16001 256
3264 41
37203 53
22232 55
93041 239
22765 69
19665 22
54507 986
11060 13
54477 411
91661 711
10744 70
14764 84
83777 81255
19861 72
8797 213
77692 68493
29148 94
31165 38
63895 133
23227 16
21055 9
28583 991
21772 93
22472 8
30040 81
9020 81
9787 18
58588 73466
15146 22
2475 52
58506 99936
2105 54361
15132 93
27961 53431
18273 14073
20814 11
4031 812
9529 84
58501 217
34813 135
11788 34
27400 40
15491 63
23113 38
4992 77
12157 56
54332 34173
42911 10052
18210 84
27319 34
13779 68
74075 68
7683 162
59785 176
12288 99
58685 954
16390 68
53201 387
9307 95
17045 48
1919 69
97879 61
20307 46
20754 40
83265 541
46776 22679
15117 29
14421 15
783 11
9101 94
21902 79
20146 33
33201 30
87809 72547
11087 52
8551 21753
24754 2
41665 952
31719 64803
76833 117
16077 494
34545 554
495 70
86643 400
9338 94
17199 61
16237 83
23969 698
14770 97
16603 60
1685 80
64297 21753
4208 68
17439 99
71643 793
20605 8
76105 724
77659 899
22673 85097
8611 47
17493 473
26985 84
20372 46
92893 47
97526 182
34945 495
94417 428
66893 65415
8671 97
89761 77351
7906 36
19951 42
14642 85
8251 549
19051 82509
30541 20
30799 72
18330 82
94686 222
29149 17
69647 82406
70857 24
13700 14
30777 710
23520 10
28988 87
6855 28
32832 81967
35534 6461
6453 30
41301 966
59191 733
31870 18
28799 71
20363 56
16513 299
44971 952
33809 476
17390 16
2024 68
75381 23801
35071 317
29288 6
35281 49631
7775 58
19990 42001
87936 7085
22070 17
19316 9
29801 30
52801 271
19839 31
32450 78
70192 7359
72418 45317
86747 14821
28736 24
32409 53
25874 64
96381 450
15763 7
62276 851
5309 69
2841 202
27645 46
1688 24
89453 5111
24211 64
32503 36
21684 23
96165 743
28111 40
16696 4
7777 67
56565 42373
94397 95131
51049 48659
357 37
7523 90
16788 71
5808 28
20514 38
70389 76011
7623 81
895 292
43433 73601
25561 94
23938 57
36761 271
19527 77
99485 312
48239 840
89555 2633
31816 33
86429 909
28252 14
80617 28
8338 65
10766 72
30342 86
20430 349
24823 57
4381 6501
60537 893
79081 527
56110 165
31134 66
8942 49
15742 8
3707 12323
85411 173
3478 49
3985 610
17129 27
904 56
36151 6217
56904 360
28185 87
49211 43915
16676 96
23808 99
9985 62
51198 89076
80118 776
18700 89
60461 23611
806 99
2689 313
21527 2
24109 57
3352 75
11138 35
10650 93
13815 263
10268 55
25468 45
49073 39301
51807 51566
15917 75
23563 79
83167 366
6176 280
9545 487
15200 61
7576 33
53751 988
71785 889
2584 58
19739 95
4361 660
28158 22
1526 24
27361 43
6274 91
27174 30
52397 602
23952 42
26620 55
1134 90
60500 934
20087 31
86881 78271
746 81
15091 17
19243 39
11143 826
5993 58
96361 4
24287 49
24893 491
54081 55714
21760 26
21630 64
22233 355
4078 63959
24794 8
11922 93
68465 701
21799 58453
16694 77
2105 31056
1449 25
30320 33
34377 84086
23085 61
28959 91
26371 70
23303 57
35445 559
24639 88
25441 86
22927 31
9751 450
21276 24
19692 60
19392 83
78865 406
17685 74
24296 19
11540 97
69283 529
7192 28
26777 37
360 25
23017 722
15970 49
62154 98426
77689 705
984 41
20471 35
26125 87
82902 171
7933 62
52335 782
40626 797
44465 717
24790 57
83661 402
90701 230
34001 231
32658 82
8929 696
4190 68
31744 86
83481 20681
72977 275
30397 65
31825 52
10016 50550
61281 972
42803 430
16040 96
2457 13
90921 467
11206 35
59355 883
922 80
32633 5
56209 599
29521 361
62001 699
16112 96
11787 48
9260 58
21762 54
24100 40
62335 56
95647 46939
64099 672
65523 383
19772 93
84990 45
69380 90
64737 58191
28694 55
46351 51153
8015 50
13906 964
22919 28
57697 802
4961 287
9246 51
17703 92
69363 441
37663 799
7812 40
4439 57
3990 19
46087 45641
54655 71189
18378 39
28929 95
1561 22
2328 23
1569 68
20548 87
154 78
27538 72
98433 664
21206 42
4286 93
75818 98630
13456 4
10457 11
52081 28001
83 85
17315 4
24020 90
18741 78746
15747 38
30410 7
15025 32
9163 65
4822 82
12435 45
76241 709
17153 1
131 54
4186 19
6543 6
10627 20
70105 523
23058 31
9270 427
98507 348
54 55
44494 808
7029 92
83489 247
31206 88
19877 11451
10146 410
12966 60
98721 122
3437 28
74436 731
68473 116
95817 39301
11381 41400
16250 34
1369 1
94545 9003
84801 445
20186 45
84871 818
87783 880
9164 516
99233 87926
30372 95
39976 31487
23148 64
19547 34
60361 156
2025 13
21296 25
62428 967
88596 605
17474 52
15716 86
49974 317
15571 28
21523 51
18267 32
12242 92
20738 87
19336 62
26640 85
31265 708
14137 28
1141 57
95011 832
4919 92
308 143
16506 6
23726 80
48204 478
12177 198
119 94
5475 27
11518 55
27822 49
65846 853
54989 660
4258 50
22118 90
30207 45
8865 140
34847 27276
9200 30
1866 45
23389 56
20455 54
26578 504
74026 23
31618 63
17950 91
16665 76
48157 926
18705 62
14379 47
18953 25
56737 833
19140 11
24126 951
18040 13
76417 404
42241 247
14301 37
74573 46420
45901 858
28848 1
15265 99
61039 55
4446 13
77802 193
2200 42
7791 72
17504 47
8762 8
88509 366
9329 18
24286 13
37931 464
96993 16635
67385 789
18596 84889
19224 75
53705 45845
97555 932
50253 97525
20809 747
18428 43
82161 454
28595 27970
61170 86246
60711 94241
22477 48325
13647 57
70788 50860
9059 96
10676 14
80799 639
18633 63
24697 24
25365 78
85522 799
20769 668
58991 716
32458 48
63 73
6532 289
15760 25
22901 865
12731 7
28345 29
27733 90
1336 68
29832 20
13496 170
14478 58
4100 12
88 70297
80713 609
37126 380
93699 65574
31978 91
13771 74
8668 9
30936 266
54021 148
48705 594
31902 59
13250 18
94425 512
31038 59
58026 89089
84061 606
91821 866
3217 30
11430 9
58721 95526
690 42
29137 32
14813 55
35069 723
29686 29
31946 40
17964 50
31622 82
52671 91969
90705 965
2930 18
2491 283
40820 818
47362 87806
61217 98
27246 21
19566 17
26561 55
15162 63
71901 90876
26082 55
71842 49643
27547 402
4477 20
29291 81
42001 502
8807 76
82005 18436
32737 23129
43605 219
89058 874
34335 613
14815 797
71725 622
11723 67817
33854 35745
17210 72
14404 89
14905 67
16814 99
28885 48
6471 13
20224 17
11435 80
57377 26049
62861 62001
32117 982
44305 780
64135 791
48705 104
12538 67
30041 732
19921 22
14459 81
77309 448
16273 64
20091 40
16550 58
85930 57247
20264 88
30921 74
53337 566
28924 65
44163 809
21439 29
97721 45437
19734 70
84817 43
21871 30
46722 817
10197 756
9227 36
41073 86
77273 394
3033 14
17447 1
12770 71
8154 14
35326 59786
78377 985
15181 12469
12737 19
24209 32646
19204 14
29312 92743
31799 18
4927 67
25894 26773
23745 235
27611 153
14928 22
23525 51
29255 63
26784 35
34924 693
70465 57185
58681 558
65837 127
79627 538
4628 25
92237 652
56766 676
28049 84
19075 59
17144 43
50506 507
99465 199
43097 78606
86297 471
63041 71161
47471 127
84091 412
11232 414
49423 258
14234 5
18495 43
28271 66
75636 693
14512 42
21900 36
1481 803
30151 43
5935 71
92267 440
7153 62
55223 437
15455 93
48406 384
6815 572
90598 89
47402 787
13860 74
38864 13364
96441 165
5752 70
2152 74
98659 210
507 14
29053 490
14366 91
30410 40
69991 982
87141 93903
13083 32
97629 23442
74309 518
13741 878
31083 87
12439 45
78181 662
29118 42
46267 205
63813 61589
47989 626
6760 78
97391 451
18327 86
82442 71061
20094 33
11062 50
27681 77
29299 956
8779 901
59236 343
18181 10
13509 72
43881 7089
19401 71
42236 855
6293 87
3197 171
6267 71
66957 843
5210 82
59385 288
5901 959
72304 81137
77625 705
11352 84
75239 743
2512 92
40186 49215
88758 984
26618 99
5490 32
64931 412
29351 96
89705 81641
25883 85
84365 62673
2098 20290
11010 977
27895 92
31944 71
1015 93
54206 5
12333 323
21404 74
20050 97
13951 12
32721 7521
3425 95
16597 1
30265 77
15283 95
12784 10
42721 984
5155 4
23341 929
18377 56
17117 15
9576 44
83303 521
7648 97
4143 6929
87057 25401
49601 871
1429 937
12508 38
67593 139
97921 354
85661 338
66186 47715
1271 63
57613 605
88533 97791
21620 5
16005 71
6471 60
14965 40
31832 73
67063 626
36833 841
26843 90
26642 27
87177 799
75099 3
7161 91935
30810 86
1135 95
81141 513
47488 608
38321 286
47067 242
49328 816
5372 64
4565 85
5342 11070
11977 98
67643 746
91206 166
21639 79
43751 719
2963 85
97389 598
10155 72
88245 732
1899 68
92241 130
9487 215
18335 13
58210 845
71905 65919
66476 146
19138 17
7266 2
9075 63
57866 225
7100 99
39129 819
49031 834
27334 24
74486 666
42376 952
1634 47671
10611 12
23317 91
25589 55
14576 32101
23328 93
11963 74
799 29
32592 70
63301 50
17326 38
62618 73502
78475 411
54273 69713
20705 57
7148 33
9070 20
96117 651
21538 1
97113 77941
51430 678
27026 3
31573 12
93227 755
68197 309
32597 419
82661 78411
98318 664
7241 712
88994 5106
91057 270
61269 764
27233 91
5702 36
5120 44
22441 290
6033 59
3953 791
35626 26692
32601 44
19126 41
26534 90
5443 89
37999 543
7429 774
26450 31
2093 54
30368 25
14594 86
41477 578
14841 37
47001 257
20582 52
45815 800
89131 877
63245 230
40101 39
14222 85
75841 570
29515 50
17636 112
98301 308
44719 744
26283 60
607 30
19940 26
42549 111
67343 996
24429 384
61169 79819
66321 331
10231 63
25146 35
70785 98109
3313 95
10547 50
83931 82759
90899 173
28850 932
5441 184
27218 20
21803 40
80929 69066
7200 62
6598 83
38903 372
46165 573
28404 25953
8889 60
29584 62
14210 40
6859 95
28651 57
40062 78585
30299 717
18789 73
62389 381
5259 94753
24243 784
95064 919
24339 78
31568 54
9286 59844
62266 16981
84491 51057
20248 43
21799 76
7153 951
41789 306
80909 194
63809 71087
45678 271
25177 23
15785 7
11251 445
28295 86
29476 85
17131 83
14361 35189
11993 86
2160 89
32455 92
16950 7
65561 700
66702 201
11244 94
53936 499
