299
600 8
121 6
9709 2
23476 5
31116 3
10414 5
11 7
751 3
705 261
473 489
701 3
7 444
96 6
29977 9
8428 6
908 8
945 7
221 5
181 1
31948 9
880 5
191 5
609 8
31860 4
81 5
31557 4
26570 2
9553 8
30987 8
441 945
11872 6
9355 6
10653 8
1840 6
13939 2
555 4
511 6
31906 4
635 4
10548 6
602 2
327 6
18199 4
19593 6
30418 1
489 3
2240 1
660 252
333 431
17292 5
7593 8
22060 3
819 9
23570 4
457 850
789 4
571 453
23930 6
809 4
2591 8
26530 3
22572 8
6017 7
874 613
857 4
25290 5
17696 5
17634 7
691 7
881 67
596 2
22920 4
237 6
15956 3
233 517
759 650
405 5
3745 7
443 3
929 9
306 8
121 1
23320 9
921 193
201 545
225 577
13955 4
29410 6
761 670
30359 7
7372 4
672 271
18021 9
15172 2
369 849
29775 1
8181 6
561 9
997 8
181 8
597 220
601 9
27707 5
26953 2
20206 9
252 9
18460 8
22802 4
862 9
977 2
25235 6
172 6
17758 9
26382 3
97 864
21 3
245 8
279 2
12770 7
3179 5
18270 2
131 3
17436 9
833 8
361 6
10 905
421 5
365 6
8994 8
609 1
661 7
933 781
353 8
21227 5
10941 4
23719 2
128 2
17649 4
697 9
31363 2
20484 4
798 4
981 2
281 513
571 5
62 3
720 6
897 146
285 6
593 3
159 4
21308 9
563 7
151 973
25694 2
137 2
9508 4
7131 7
1949 5
481 56
221 4
14093 3
121 594
12671 5
174 8
29115 3
409 4
561 17
2462 9
781 5
27775 8
71 2
25721 4
16534 1
501 8
14899 5
6015 3
709 505
8216 5
7666 9
501 411
32393 5
20476 3
8619 1
519 218
24360 1
28871 5
991 4
12092 4
565 713
3475 7
410 37
18343 5
31909 5
31 4
3271 6
205 7
316 1
27372 2
100 207
26273 7
7100 6
19774 5
671 65
12719 3
25527 4
21541 1
9710 7
39 3
481 6
12107 9
121 1
5860 9
29486 4
293 686
31325 2
781 2
15063 6
941 4
300 9
957 807
983 6
889 6
571 730
19675 2
851 2
701 208
9935 8
7166 7
10237 2
601 121
9468 8
12604 2
6456 2
1000 7
757 9
22889 2
133 501
109 5
61 1
23583 2
219 8
871 3
17051 2
5773 9
11032 9
674 149
3418 3
516 7
7561 4
1 2
461 3
945 8
2854 9
781 139
3757 1
11924 5
3324 1
32586 9
690 8
517 2
25897 5
6656 8
893 8
21095 2
22125 8
27503 8
163 2
15181 1
16542 6
50 9
20336 4
21607 9
614 17
24946 7
191 169
14835 9
665 4
15993 1
361 988
24935 5
353 112
12311 9
775 5
1 5
297 7
19259 6
20233 2
2213 7
15746 7
997 3
117 961
117 2
10870 7
677 4
637 8
25190 1
237 7
801 5
