8598
26270 84657
15863 418
28977 48
19196 557
18850 88
35711 804
23656 54
16761 89
75006 511
9510 76
41634 338
32601 50153
30085 73
6046 700
71127 823
28648 49
1057 98
31868 854
21560 22
4151 983
23346 403
30783 46
21911 254
26399 27
22963 48
21279 72
77851 26084
78652 518
93313 512
56305 754
26087 89
16252 17
46271 302
27307 65
31505 62
2660 485
2699 489
24654 94
28273 270
63065 728
69651 62
25101 40
71001 258
40393 117
61761 527
11390 82
25669 259
18679 15
56585 296
15911 12
30405 13
8805 53
21301 10
29666 83
8969 43
25327 3
88241 304
65658 52
31701 921
77721 753
28006 90
89010 734
13047 84
28934 68
31089 53
89949 110
48501 872
3669 12
59522 28925
9611 506
91801 646
1757 92
60231 222
26050 69
13081 57
23250 96
57031 186
38855 442
57019 842
3466 71
65813 965
43609 91
11064 16
11668 74
46559 649
71984 426
22089 80
42620 427
95826 801
22343 73
8125 42
89657 125
2358 64
53801 186
16060 2
28562 93
66919 113
20203 78
8353 27553
21912 34
63036 42379
24113 2
58977 26
90251 39
30636 66
96001 756
33686 734
45813 47
28680 15
30668 18
16809 288
18659 51
34049 760
25621 567
31666 280
14608 11
16190 34
75053 700
3215 42
23279 55
23902 80
7588 869
11176 54
64685 60529
15653 50
83412 185
72892 55514
51813 512
9691 44
33624 627
81096 12171
9252 222
7979 55
87137 16396
11271 20
15694 59
5627 94
98476 886
90367 90881
28145 402
29983 800
44321 388
10908 10
5210 28
3918 20
47709 187
71011 264
19163 424
11420 373
14154 92
50145 34
25734 26
6187 8
17074 73
38241 103
17239 65
5032 10
24491 10
71135 544
41809 89621
31928 988
50383 68
9089 4908
82894 79217
20577 742
20545 468
12299 42
75337 229
98602 560
72 82
8515 73
23347 43
30884 82
11316 50
90881 95955
30948 2
76575 31
51005 694
3319 8
64673 448
36317 836
61 69
12466 966
31101 8065
21378 31
27178 75569
12491 10
96980 537
29634 47
1926 40
25917 68
21339 75
7094 70
24206 74
82257 58675
16830 70
37197 968
58293 92885
27160 11
11667 93
50145 153
3202 41
85637 70060
22573 53
9781 47
31181 72
96073 157
81257 50701
37732 695
1596 22
46189 51015
24005 27
23310 34
28162 47
4634 575
97417 727
5365 5
84 89
34099 530
47335 75495
4282 78
70577 94
10927 28
11774 80
16799 420
14664 57
20401 81
50341 946
29536 36
42611 757
17995 29
20988 61
13834 32
45557 719
46529 320
8637 649
59658 488
22856 31
73361 56349
19228 4
90823 348
25899 823
64875 693
31334 830
6786 38
14122 62
5922 72
23501 836
69549 53
4007 73
9785 66
3441 535
32763 785
14662 39
43536 336
130 24
26512 187
1532 2
21227 92
25280 53
60670 399
3233 93969
29507 54
23755 61
63209 47251
76761 811
1031 78
3832 99
95980 940
3157 31
38117 280
8459 24
49311 167
58356 201
34017 226
22883 42
23294 30
5954 56
51026 154
6000 17
6756 91
79719 19501
16925 42
26884 80
99772 471
20065 9
12895 52
9662 52
17295 95
27067 81421
9648 2
6874 39
36097 1537
4978 69
31335 91
26003 274
12789 40
27626 23
83969 885
1041 738
1535 76
19089 55
28340 29
44097 35542
28179 57
15985 872
22006 58
80173 9
11452 3
74986 980
42425 556
4673 77
2586 93
39941 816
37852 58145
20584 68732
4521 58
32088 21
4172 91
83921 359
19301 871
25109 63
24222 4
10853 91
48753 743
4111 669
22816 68
58397 45211
83057 63848
65121 12
4836 4
81448 35423
18763 16
31872 99
31271 68
77697 507
13366 297
4828 70
55705 834
99853 408
92948 278
10727 66
15646 60
35183 693
43109 226
5534 41
16535 245
13771 14
43551 13590
96957 279
13167 96
18365 24
47489 81
58746 691
31422 88
94250 443
77419 616
28448 82
6141 61
12265 909
2397 28
30671 333
29026 5
83621 561
28654 22
31928 18
58581 82293
16638 32
16690 92
18463 326
27419 107
73953 881
19867 16
134 36
69655 63686
25443 8
29494 21
5548 92
4654 352
28139 28
45825 887
22678 20
27897 12
23114 64
17291 98
7042 54
17916 265
25828 34
7499 17
22219 2
18816 3
4278 20
23897 79
75441 96965
77867 105
23766 9
54303 942
31795 378
24320 21
8623 824
6782 65
28015 658
24296 15
4326 83
80255 185
500 35
8006 52
26289 23
22816 81
51111 52820
19920 59
31460 72
24797 21
29009 88871
11701 82
37921 47198
22620 22
8101 85
24489 768
62180 30933
91137 864
23863 63148
85045 821
12174 46
4346 9
11585 55
21290 65
98601 446
32472 10
118 29
29406 35
25694 81
24846 43
26036 25
81181 60001
15223 61
19915 29
23027 62
15345 488
23984 19
32706 85
9585 19
37211 245
21711 56
67621 91215
25663 5
21957 29
47122 69695
23777 80633
27879 86689
21568 92
12092 44
73421 481
60686 862
16884 8
21654 876
13136 65
41218 305
12329 75
18666 60
13439 705
18956 21
30338 27
22624 32
17498 98
7292 90
29547 928
13960 87
39541 411
21759 18
3444 67665
3471 24
1916 27
11734 753
36560 40501
17224 36
1597 74
47746 246
43978 619
24548 15
51861 597
8703 30
28078 99
19211 57
75841 24
23763 8
82482 707
44993 50729
8062 71
15579 10
4101 826
21891 64519
11506 59
31678 10
8042 59
97531 90374
32077 94
31251 8
39489 55618
1273 25
2147 1
17354 13
40283 356
54910 31
60379 929
61165 207
45149 56477
18600 62
31829 67
14836 85
67101 246
36425 432
10892 89
23525 295
18955 96
34869 386
6508 53
33619 84359
20279 28101
50359 914
54381 54481
19401 630
11383 99
20601 521
20409 21
97245 824
48499 40581
16261 62
71751 38818
12893 34
24787 23
31693 89
50785 324
10332 89
95177 680
8057 32
14737 8
48356 503
29778 2
36412 279
25258 84
29255 31
5559 32
18421 18
95836 835
85286 598
12705 119
3890 38
27637 868
6483 710
24886 37
28820 40
14737 87
26058 91
27467 75
29524 92
7773 99
61129 64
35132 351
61207 4293
67701 930
9269 70
607 16611
16290 37
65011 116
21281 98744
56067 2705
40730 33625
80384 46
10831 65
86895 172
26569 61
18101 32
65882 23649
16371 81141
11723 81
21439 44
17836 84
54393 260
10449 21
4562 6
33857 99305
70726 370
39789 566
5281 63
16068 12
24784 45439
32366 39
8588 57
55019 88053
6065 646
55825 957
19603 413
27821 81
99021 329
18516 48
3251 993
99391 89
32905 803
78551 14113
7235 63
3977 3513
25072 48
4485 31
12479 24
7963 96
24050 574
31811 94
5135 170
21506 84
75285 742
47159 118
16797 967
22668 535
30683 41
31690 84
54133 2003
13854 58
32125 94
2346 1
20841 255
65400 345
86277 6881
1881 53
29061 28
10973 9
27909 11
92258 185
7743 143
14438 60
8536 31
47121 988
13965 81597
2890 79
2698 47
37281 62658
26182 6
22828 63
7413 16
36081 61831
8440 763
5739 53
24901 82
28605 21
5212 34
727 96
8511 87
21781 67489
25473 16611
12325 88
13651 88
4590 4
17548 92
94151 413
14454 82
2479 21
25662 38
22391 54
27506 26
20924 42
94384 173
81495 634
18611 93
48577 172
82168 199
28568 41
19887 25
19865 96
14639 40
35948 439
28955 42
3701 707
17888 27
26377 85
12147 96
91759 843
2708 82
3601 79
71793 6979
89739 875
32137 88
6970 63
45549 838
60805 66726
44041 79
36753 545
11393 547
7421 28977
2194 78
24467 44
20520 803
7476 92
15491 97
30301 91447
24311 62
15972 5
83044 16457
18805 47
31298 51
12964 2
23075 85
5789 1677
14849 14
10014 57
505 87
15217 63
31031 19
37628 55431
30549 88
10671 39
28570 63
16251 16
13225 47761
18555 433
81532 204
13272 6
92025 80372
13334 14
13554 112
9262 69
99385 57374
13779 91
17899 62
15043 55
31823 72
16969 43
68623 403
43297 452
12581 51
5153 76
6757 78
12507 79
12323 41
45622 696
21986 602
63529 855
22822 759
22741 73
30333 69
13956 27
14295 31
42681 15041
74593 868
4922 29
36271 625
96008 21601
7596 37
12865 441
11217 8
29164 31
31486 76
83701 66
69877 803
35306 300
21276 45657
401 109
87408 829
14658 58
96677 319
94001 211
20283 96
13663 14
56571 934
57674 69315
70663 393
2854 95
18724 819
22781 80
333 3735
57830 907
40322 604
45369 31401
10866 502
71221 315
13173 756
65505 714
37905 968
29230 67
24451 43
4001 69388
13411 600
8205 94
19176 99
7315 23
15903 91
67296 82724
31794 19
13755 96
26145 121
12929 39
64682 378
6238 939
79850 242
10877 31069
31633 71
65489 968
28958 36
56631 581
21868 13
13963 21
11989 845
32744 13
23819 10
20235 21
29181 83
11842 55
13158 25
6728 53
2587 912
77856 584
13653 87
31330 95
32643 38
29478 198
31713 98
12383 55
32513 154
31661 721
91351 634
86437 928
1183 5
28632 48
19003 73
90597 394
21045 44
35758 39326
55265 272
28008 19
88539 536
14596 18
25786 2
29717 18
35944 18
4022 216
30598 39
77337 212
73299 35621
36257 442
24527 54
29596 40
19473 73
7248 88
23368 60
22490 24
89191 630
83777 499
26003 13
29491 43
8026 71
20738 59
43177 88261
2815 90
30449 172
44293 91
34767 13296
24515 15
64505 401
143 615
69477 61
87741 793
19513 7
12735 10
43934 486
89536 997
7023 41
74477 23
24979 5
79485 17458
81901 656
99031 70
10680 81
23131 56
12498 37
8883 72
15858 4
60601 801
34049 25956
966 71
15230 1965
1172 63
15985 82
15713 905
2123 83
12053 7
24251 23
68673 6701
4609 51122
20597 297
29115 25
20126 384
97601 60
17344 6
28558 5
20071 82169
81647 280
92185 111
14564 3
24613 45
55199 846
18688 90
17521 769
25361 52
9735 230
5063 62
72443 574
57763 398
6751 74
15935 213
85637 11164
39651 98621
13265 11
3021 830
96337 940
12097 99
82844 59598
30033 32
44474 86911
20868 2
26071 3
98950 482
24605 76
620 62
4901 629
13976 11
31372 75922
70995 770
15593 10
58747 197
7718 596
7226 620
13916 20
6598 48
26109 11529
19438 76
21645 58801
23938 35
29945 93
28506 9
13045 95
76833 841
62217 93076
21788 69
13810 74
21382 78
4339 11
10236 282
11932 647
40241 977
4889 648
46164 71476
20697 726
1321 68
60262 864
9629 405
14184 29
16533 37
2509 57
30091 65177
74356 421
58771 989
6073 992
11211 8
14501 61705
7354 41
29242 22
30174 13
30405 36
26025 44
3351 63146
11605 22097
13730 68
2264 53
11031 70
45345 439
34783 83511
24834 57
489 76
42901 764
54517 842
19367 22
12797 91
27998 49
8442 90
3380 29
9043 90
379 48
33309 78
7742 2
28537 29
17019 84
24636 18
9537 25
16507 4
4274 84953
88311 45759
81035 210
27017 978
1586 262
23071 17
24260 37
12773 84
53115 441
14561 64
84382 223
27040 77
95303 923
13721 73594
27061 20817
48551 544
88411 96
4273 763
63901 487
80121 48401
17262 64
56245 86955
23529 45
21581 383
23173 99
21668 31
46430 61019
15392 50
27611 90
23508 46
52377 782
28656 63
15584 5
11003 37
26539 91
54901 44486
61476 464
6236 4
29908 5
13599 91
15593 84
51842 601
12648 37
15136 235
34731 642
61617 11031
31876 10
89201 328
3776 79
25441 40
75241 932
47089 737
22985 19
26446 73
12613 55
57316 753
8997 50
17091 78
89285 618
28598 84
19352 76
8257 87
28136 97
6122 25
5308 4
879 77
5280 99
18236 39
31956 53
25512 62
8894 99
15565 11
6746 41
32545 90
28342 86
17516 78
36336 78579
85313 399
71341 86640
23382 28
77377 44155
11976 65308
31302 39
66139 63
20161 714
17815 29
28383 50
5764 73
16945 84
31800 369
30645 5
23122 552
5537 563
7025 262
46749 7681
65001 5489
28658 31
40275 153
19356 942
23144 56
98299 58994
24021 570
26401 53
7919 20
28201 590
26790 50
22511 57
88665 1876
8122 107
19352 38
25553 72
32449 21
77729 950
43261 708
82033 977
32417 74
13996 32
4931 678
44225 369
22341 70
6244 10
31436 86
95372 67681
19518 52
92756 660
8823 18
11896 81251
27922 1
17043 72
22603 12
15302 12
28745 92949
59354 144
9331 41
20736 67
24032 13
26389 81793
56901 33751
27064 42
43807 40083
7519 64
16701 73805
24782 40
23345 61
6616 71
35084 881
68591 143
4875 8
17921 64801
47457 708
32183 36
4081 286
51376 939
6091 23
19383 82
8267 85
84449 12033
34137 178
43193 481
1346 89
18113 22
27131 121
30617 66
25615 23
82696 395
17769 4
9391 57179
27753 155
48608 95
28980 1
3237 64
51406 120
9466 834
32357 43
7776 187
1985 23
1168 35
32758 94
12081 112
53197 294
15119 20
78701 703
16449 474
5802 79
8703 32
37721 955
13841 311
65973 258
37353 73829
35207 595
91401 877
82539 642
87796 367
56927 135
89253 76863
37979 240
68161 27
5138 16
1393 32
17166 49371
9743 80
23964 36
262 47
85643 789
16022 85
79946 38
1352 89
61171 117
20779 42
43252 271
84083 585
18838 27
13581 97
27509 86
24372 84
11919 88
55310 660
59069 436
11092 53
15820 99
19661 47203
29570 10
47687 66801
49973 87451
70299 303
29884 43
93310 176
5959 13
14629 23
78689 82
29090 88
96077 81
70569 516
95545 688
70545 781
25436 18
478 86
19066 98
17128 7
17052 65
66585 325
762 87
26060 77
95131 293
12713 41251
13892 41
21148 61
93701 65371
15082 88
30411 2080
3988 16
14180 35
6488 23
14761 261
95091 575
29630 39
49153 640
36140 5841
65010 82401
7286 23
32331 39
21117 14
20475 6
11465 507
18326 73557
13835 73
20679 577
51081 272
7979 194
1343 74
79565 39681
1790 73
32771 125
28632 56
49701 533
24724 33
67671 788
24585 1
34996 113
27315 9
21969 546
8521 205
91113 461
43171 683
16592 80
27719 76
93229 4
64135 103
8187 98
2543 82
2068 51
15880 74
81636 232
33937 428
53373 742
28677 81
16536 946
20757 207
57553 621
561 66
58147 3113
24977 22
10016 50
31417 28
74444 44545
26466 44
11038 44
4100 33
31133 5
89831 57374
28520 73
81861 69913
19102 34
376 97
20990 65
28912 54
64573 23265
64867 17687
31601 40
28558 25
8040 89
6205 71
1306 13
39573 897
60481 543
16380 92
26681 87
29815 24
81841 464
31529 98
40481 220
82751 393
15398 42
1489 73
39832 902
1012 25
30709 48
29873 358
27672 39
72121 302
9170 70
26789 22
84462 842
21689 96
6386 32
94273 536
65961 995
37052 166
76921 608
28756 2
23041 252
3496 50
27492 95
31996 48
19255 374
13884 11
31544 2
14941 970
12718 36
15601 885
26882 63
77681 28401
72353 86
93114 706
51376 469
16807 84
31429 79
5342 83
79 96
11226 30
24854 238
89317 835
85697 750
333 101
925 33
15849 61
2337 318
21118 85
80869 399
38101 619
20517 19
19546 207
2731 966
43294 82271
41959 889
32478 21
3661 29
84841 749
97755 221
24432 94
10569 777
76833 651
32538 63
58273 260
4801 331
45361 55745
75897 938
13166 83
37153 318
5489 3
34751 99072
59425 341
15122 41
32174 6
23146 18429
6575 8
18937 73987
73051 698
23591 47721
14937 75
7625 48
89921 78101
18859 8
27576 4069
31758 7
16308 16
46379 77662
19635 350
20713 18
70901 939
58148 92143
21393 894
98805 16877
17132 2
79117 90321
80350 2108
83785 90851
18996 87
1612 93
70433 677
15431 7
14835 629
64309 377
25561 912
88319 315
2937 45
14374 20
11873 42929
9266 857
9687 7
75245 40936
821 5
88562 493
8333 925
91161 9091
23035 45
46703 36217
52073 52572
29002 2
11837 80
7177 36
8448 72
6461 51717
8634 32
24446 533
14366 8
14880 217
12595 65
5393 10
40533 245
3823 62
5240 52
91349 358
69541 295
89403 898
32416 24
32167 720
61142 37876
44473 768
95031 90204
15678 86
17667 2
653 694
27698 98
3936 56
2854 33
25852 31
73421 507
20299 85
95985 769
1273 11
12945 511
16849 51
7318 12
6533 3
17681 62
3934 17
2202 61
14224 86
6031 539
16207 42631
23488 50
49265 602
31628 57
23515 60
85467 42611
68472 514
8469 86
14676 94
90569 35601
6757 20
27639 54
6826 78
24638 36
52663 85
18571 27
93801 54
2050 49
2149 77
39643 626
22695 404
907 3
109 989
76051 866
32326 8501
5647 9
28770 18
15729 93
20573 221
20582 46
55201 727
27024 83
86433 942
8076 366
44321 289
31851 43
61337 987
28820 97
98061 300
39417 88641
23235 1
33341 169
15229 36786
87024 838
29234 21
26493 31
6055 22
80029 792
2151 797
12484 20
65641 489
56140 72251
4409 79
29486 68
37733 97191
68082 925
90784 38175
13276 733
43498 32973
60191 912
77021 653
25303 57
93601 49139
8311 74521
7887 86
72553 743
12146 95699
23986 8
23709 73
54293 44993
63969 768
13612 36
43517 177
18659 148
91683 528
55871 45681
10463 33
22428 60
5450 82
3962 92
16354 31
77381 61626
59341 954
26394 3
4889 21
84521 34
12352 35
14602 54
78299 902
38126 476
18453 18
66049 67909
62450 638
13450 92
7127 64
42251 21853
13046 65
9398 89
15621 80558
76722 216
38301 960
22615 288
30949 64
17037 940
20863 72
13014 38
2672 80
3160 93
13214 86489
55495 67381
5946 65
30984 61
29940 41
11059 63
31519 89449
39294 85780
15317 88
87137 564
18631 77
98145 501
2592 57553
74169 583
58830 425
28883 20
64251 36
22954 32
30707 804
27396 59
29026 16
16841 843
52598 916
26801 92
20137 46
7246 68
86633 564
14940 42278
28897 304
16794 54
26079 60
16146 43
18822 25386
7386 86
24413 42
91251 964
18871 94064
79631 205
5289 994
11096 472
9227 85
40533 32803
9285 948
22117 8
17456 24
16845 69
63317 681
93525 308
49059 588
14847 28
21576 91
92231 561
29866 71
16639 26
19911 96
2487 37
5201 5
4534 13
28859 53
22334 48
10427 30
23322 25
3531 34
5909 81
31659 38
1153 70
26333 40
90273 33376
14851 36
17692 17
5021 88
66582 894
14949 71
40026 72862
30670 96
51361 501
85401 581
26343 36
90401 586
18108 55
64350 91878
5046 60
75313 344
88053 308
34502 795
2219 26
17496 99
10071 54
67950 451
7937 62
42748 84971
21038 33
19553 12
3338 97
72677 30024
38688 814
14100 19
6175 98
67576 666
7674 66
68627 614
56781 147
28482 57
23112 865
16110 54
25143 333
7379 15
12167 643
27337 248
14526 76
77685 417
21386 36
26433 873
34238 311
15991 86
9409 25
76931 37884
27586 46
24969 49
26371 2
12357 20
15869 39
16807 60
4612 88
80724 310
76871 355
6590 39
28953 48
10195 30
8800 32
5655 12
45691 305
19801 257
92599 83489
25075 103
25084 65
35001 729
27030 16
13633 74
4812 91
24451 533
51401 927
28271 18435
2032 91
50038 79838
24507 78
42513 67992
27146 82
17708 68
20228 39
82489 1
15481 351
39445 694
4407 59
28337 59
38873 933
66375 323
26785 484
6579 85
27952 41
6772 30
14262 89
97857 39
9778 96
71651 167
22025 14
47671 682
32433 16177
26780 74
5295 8
13983 64
35268 963
2971 25
6924 94
8775 53
5409 94
24988 10
45641 138
81692 197
44989 478
71751 319
2389 7947
25173 35
28639 15
4041 361
27361 7
45755 910
4008 60
13641 86
62633 44769
21341 57
8713 126
71365 41441
809 457
32497 48
11707 73
52031 667
6857 97
8537 8
13417 72
13743 564
21383 23
29184 55
26853 41681
68755 32
33409 40129
69601 76634
7891 23353
9326 13
53057 90309
23511 99
96151 63279
8479 22
12253 1
18203 854
10817 480
1419 59
32621 71
35489 617
20743 66
22696 66
27531 82
12411 3
25236 40
87911 628
81661 692
51745 25
24138 66
23847 62
21075 33
18731 41
52166 505
34361 803
21095 216
11541 585
4139 73
20675 44
27816 8
63538 74146
94255 236
32471 39
20741 93745
3223 96
3489 6
75509 42913
79801 16523
25580 83
7539 84
72409 463
954 40
92469 808
4640 51
81268 326
54640 485
10409 847
52745 203
19320 14
46067 209
5733 60
7291 77
32267 22
5305 35
7066 21
5867 93
33563 503
36113 116
29750 48
4075 5
18153 23
12668 72
95291 231
84887 160
96569 41805
26251 62
8265 88
52127 828
19412 99
20317 51
41630 54865
89236 55163
26022 36
7599 13
31502 186
45171 85653
5472 867
48997 174
181 33
24610 9
19800 37
65505 65
82504 131
8800 38
30194 757
7404 935
20601 14
53729 899
56151 48
3312 45
84781 30781
284 25
31246 43
60001 890
2355 57
7395 85
10946 35
10233 90
44052 30
7916 18
45911 88
82505 845
7078 54985
27041 63921
32231 48723
26501 77
48493 383
61748 431
19036 18
43079 10790
10961 91
81705 71439
91236 346
36860 202
15973 9
20687 56
17788 35
4910 4
16056 698
8101 55
9104 23818
36528 67381
24114 288
14535 681
44281 38295
64545 563
98657 18711
6959 36
10394 65
16308 69
43153 751
31569 67
1954 81
68051 64177
68467 898
6730 89
18758 54
28810 807
31391 93
16924 38
87585 721
21908 33
8209 337
623 44
35521 216
2587 39
8710 99
24854 45
87991 456
29554 2
44329 74567
3277 44
72899 120
31281 799
9035 5
9936 41
29177 27
14242 5
13041 33
70152 84400
20638 82
64731 506
30736 64
7129 14
10442 60
63361 47098
52809 719
10760 17
24763 67
12395 76
42545 757
16346 8
57313 320
17541 49
15025 560
5023 40
38471 375
61406 892
81202 34509
21934 98
18744 42
15034 63
7199 38
7401 25
15816 72
52767 47
2821 12
14612 91
3864 45
34741 26256
98215 6933
626 188
21643 96
6337 55
16787 61
24197 47306
754 52
11364 51
80106 549
22094 81
21356 23
7283 827
3971 66
18827 76
20724 16
45289 872
19215 14
86241 318
47109 591
6047 747
3613 718
6649 88
22788 29
42176 410
24227 73
20589 86
23691 212
81030 241
20932 91
14381 29337
31437 28
3637 27
13559 3
18071 30
56033 252
6674 99
74225 419
4088 54
21199 46
20383 52
6519 26
6032 386
30391 55
34293 25372
16705 95
15404 75
80071 44
15541 611
1829 11
13305 80
25403 25
16219 5
31779 68
14062 1
10005 25
12971 29
40217 84493
83236 45409
19058 53
4146 30
6254 81
10552 45
90657 560
11656 53
99881 798
8177 82
16606 86
14799 3
73793 457
67051 453
23631 33
24940 68
33366 865
89663 101
10761 760
64842 75109
14612 82
70993 308
61073 112
16383 42
1357 9
14395 50
2857 11
23802 24
5576 74
15317 38
21701 57
37337 84451
33265 235
4914 814
2199 73
14438 887
66865 650
14593 67
10498 37
13385 73
52673 556
24284 10
34441 685
23524 47
59641 127
16822 25
32140 31
15393 83
67456 15921
7252 38
44421 929
20791 986
1828 18
22353 882
24813 774
15119 7
30426 238
18802 93
20122 46
40185 475
39391 521
1551 921
94239 699
20828 46
17061 534
68225 72756
14538 3
73051 61
28105 72
4215 71
18516 3
45836 636
59151 83
79111 481
10957 29
24031 509
36341 8
26770 17
3017 75
13440 605
37121 93
89065 278
16191 11
43179 37285
574 28
34356 849
28022 662
30094 24
96834 5
96271 176
1988 21
18601 80
4365 25
3192 88
3235 88
65715 12783
22347 328
77803 427
14728 90
94531 958
17763 22
47415 405
34726 142
27129 394
31564 67
32226 32
10709 99
68225 378
98741 675
57508 34913
71857 947
20429 60
16318 42
3872 71
40601 631
21015 81
78197 483
14162 82
83340 287
16234 45
58693 718
13399 502
31211 34
3568 68
86635 202
27448 83
27613 119
18364 599
11671 205
19001 69
11284 43
90886 486
18833 94
17787 39
55857 77
12782 18
18063 325
22530 62
16821 49796
46016 449
74135 596
4899 4404
32723 37
24826 577
21547 57
15513 33
44027 93965
8342 50
29725 76
69261 66313
10745 78033
4352 90
9985 50271
31677 455
28433 802
67441 84136
280 51
81849 483
51286 590
49797 614
20830 73
93626 85
79561 325
11829 51
96345 913
11260 55
90551 50843
23262 30
22223 69
4897 84
7201 135
87413 978
87729 97
881 53
30613 87
23274 46
12529 17
54369 986
86517 903
18560 91
25070 93
28468 51
71041 395
23252 33
93741 95926
90241 450
30923 23
69097 769
4995 54
18909 98
35983 172
9390 35
71847 83297
17296 41
4575 21
25665 1949
15710 637
36123 100
87881 567
43073 132
30094 98
575 22
1799 23
40906 390
18596 88
23275 71
76680 16
28070 45
6123 39
28333 10
30077 652
50712 958
59985 60894
6166 44
21978 61
23486 42
8104 72
2672 5
14218 25491
90061 690
3525 2
72555 169
32359 81
65238 34
20897 89
21462 34
43801 37
4191 96
13807 92
71382 967
5574 92
51139 379
5108 94
30965 68
8791 881
11327 25
29748 92
3909 5626
28315 74601
11861 653
4831 81
9256 1
20700 41
64731 631
796 34
16171 60113
31116 72
31576 85
19893 47
19906 46651
23136 168
1252 6
63269 438
99 43
11971 79
53977 55181
6428 784
31114 44
4865 40
13241 61
31533 15
2805 2
85796 213
2638 55
7302 6
74929 979
17703 67
72273 89631
66949 516
89525 778
23613 42
25545 47
28050 7
70101 86666
26504 56
51509 345
7362 19
2786 74
2237 88
14762 38
55353 881
3269 63418
29666 48
25211 93
11563 72
5663 62
13454 41
37155 639
70054 913
30285 89
698 53
12769 942
14391 622
28520 325
1123 70557
22588 33
21419 91
4148 22
23894 719
99195 134
23500 457
586 59
8812 15
32697 36
22047 33
27248 44
17683 75
26263 110
95359 64986
31283 85
16775 24481
3623 77
11527 84
30245 481
24833 45
4966 54
25762 77
6655 42
1602 58
56420 32305
3367 81
45312 200
2882 522
31668 5
77505 678
9294 35
50461 976
6441 95
14510 39
92179 513
7718 42
28520 72
2721 938
17772 74
5305 52
30817 17979
29936 74
25235 1
4422 52549
11940 21
81641 330
29694 48
23145 24
12271 949
60989 943
26169 76
15105 240
7987 57
46176 763
14659 85
1681 19
2081 58
24430 24
92297 450
25583 91
28997 10
12434 40
30662 42
47311 231
21290 40
75077 38531
5611 7
13777 25
32833 55029
28827 48
30497 911
22517 945
65506 843
8299 44
25694 71
6782 25
48460 722
62683 711
2517 33
28371 72865
5824 49
17663 686
8465 47
1086 17
18973 87
42609 130
13999 73
81214 939
75261 10531
29713 7
31966 10
24039 21
12289 730
46239 983
64306 41
66012 811
4863 922
27791 37
24015 69
50611 796
15988 24
87702 45501
8731 49
5012 3
18631 98
16512 58
37726 319
24185 662
49706 85
8285 31
75799 77915
2069 19
83990 832
37 798
55201 922
347 556
81970 97
1936 834
11505 9
16029 42
9574 56
29997 7
46476 25829
31922 84
49871 256
24498 54
97209 71
11883 99
27414 22
24827 73
44193 8581
19865 44
2179 23
15981 37097
15209 7
29106 6
25545 90
19391 26
91195 69915
28696 82
4571 819
79355 684
14226 950
55572 49349
260 77
99692 667
29092 58
29134 75
16626 8
27337 303
77513 23
7186 35
8409 73
60 34
85568 283
23178 79
97067 585
49889 328
87441 284
77301 326
6657 865
845 62
99623 793
20852 92
70144 375
33069 380
19272 59
944 350
31449 49
63681 805
45406 55125
17760 83
5084 66
30805 70
35697 125
10814 75
23886 98
6844 90
18997 91
20417 769
28006 97
69346 897
26923 84
14584 11
20559 480
4237 73
59023 38028
3531 622
11526 991
84061 943
30897 357
8636 61924
20780 7
50676 438
22085 83294
55641 45948
1312 43
17462 80
27018 86
50301 881
18461 98
19565 5
15793 98
25336 992
17295 52
36544 495
31211 98882
60161 77716
2137 83
10934 94
86385 874
8106 4
38686 46329
5893 16
15628 44
3609 29
4462 67
94597 660
22697 13
31994 30
52889 464
86993 561
38640 77390
13726 82
20804 934
31073 17
90401 893
39470 78771
50855 830
4856 786
26855 25
30062 28
80091 607
72199 378
27691 80
14402 56427
12138 47
28185 349
50301 73811
30156 76
20129 447
17859 294
58345 504
12097 58
53301 94419
96550 813
3121 83
18751 18
17033 894
1185 827
31926 88
4993 47
48601 174
22927 376
98473 513
96893 411
87725 962
22403 35
1371 14
62255 331
2656 92
1502 83
19786 64
20380 2
21114 68
27736 19
27107 72
8864 87
32498 45213
13432 81
6263 57
76353 532
31588 98
26063 19
39471 851
35211 491
3381 432
7718 94
3875 9
6865 147
3611 42
13523 96
22594 78
82241 26407
40793 650
64111 165
9984 38
20205 5
59566 18
40173 88
68201 5351
12999 87
14390 45
73728 62
29732 3
22027 33
4278 87
30901 47
35227 165
4846 26
29895 15
49903 781
5683 59
11496 97
13243 57
11153 83
26282 74
10780 18
48906 95996
9067 41
15207 84
10217 246
80409 387
29247 13
2751 383
1020 28
39751 90693
13728 541
47556 867
70534 6905
17985 32945
21380 570
95537 756
27169 34
90451 100
41550 994
91328 453
25657 820
2117 36
7080 94
13025 150
84851 62221
23479 19
19488 35
34464 978
18849 53
48478 91822
29824 93
10334 1
58521 803
44997 64265
27760 109
27158 8
13299 86
24855 78
31949 71911
26289 7
78904 610
88143 135
30751 907
742 46
25970 96
5341 888
51785 60001
93441 75151
13185 895
9597 2
11860 40
14823 7
3378 35551
91536 226
12841 771
17711 8
1078 61779
99131 685
9289 95
9747 7
34258 420
20114 29
6838 2
7952 38
20686 83
37321 254
90025 284
20025 93
14347 486
77989 93449
27542 51
14494 69
26389 46
60522 444
13042 89
30031 94
14645 34
54856 207
3736 31
10752 65
20905 367
61531 692
61856 14537
13287 62
28282 21
58453 653
11184 77
6165 42
96655 96725
7676 35
8733 37
1748 531
14181 39
64187 149
28516 83
27964 46
459 498
31562 83
86325 532
13290 28
26182 862
30003 71
41561 502
19961 213
40001 44120
602 72
23587 796
53861 39561
54561 146
7593 64
18896 48
48505 344
12040 64
5353 82
28022 88
56059 10011
23113 561
20385 85
45498 277
9075 49
51809 995
94009 19300
3082 32
31528 24
9535 99
10496 650
71297 822
3977 35445
8108 25
24340 95
12736 98
69221 63105
12700 88
15345 10
98145 769
3337 54
4098 89
40801 407
27152 93
18879 9
50393 237
7870 28621
17823 80
10154 77
5167 32
94520 178
61159 748
26256 74
21596 10
11229 49
95096 23173
10945 120
11585 13193
15192 81
92954 88913
90561 689
34939 808
20978 36
27259 92
10667 46
6014 25
3636 42
17644 83
48476 592
15952 727
83187 715
31284 12
60753 58743
11480 26
5092 87
28003 43
58997 174
9703 19
887 2
25437 96
29573 41
29091 17
3692 71
4358 7
20157 96
19191 90
32053 65721
40263 358
34987 48501
13875 56
27014 10
20165 49
46693 759
70433 501
19731 29
1181 59
97930 298
2630 63
96607 335
19563 67
7310 64
66101 76077
25517 81
21802 57
96193 822
13416 71
18037 50
21353 692
6312 45
2998 58
25132 83
2132 66
5570 896
19450 83
21105 63
32609 22
49105 986
39018 948
58879 799
8215 505
21765 66
17335 2
6604 60
34206 711
7278 50
32166 94
56129 620
655 50
22485 67
60841 774
23133 849
19881 27
10244 14
22980 31
17151 772
19068 74
99973 746
25026 49
3208 25
54712 13811
191 55
7390 33
24771 15
91967 728
14194 39
17281 917
957 68
11918 14
2695 75
30654 19
20500 92
65823 490
22675 42
17874 92
82069 101
88610 880
10796 68
46041 281
24729 31
26486 47
56274 391
558 52
20724 55
11656 8
8357 25
44361 745
12328 5
43104 825
36153 79
3931 19
8680 73
68601 738
13806 77
86837 729
13826 748
16463 26
86497 903
56321 544
94425 39501
141 220
7013 76
19362 80
80069 214
74646 97
11784 16
5879 61
57731 976
70880 315
12465 91
10731 85
11140 39
73881 421
21198 41
30423 83
49786 752
89279 587
58331 629
11365 978
18703 906
31032 12
8129 2
51487 871
67169 928
10483 34
61219 60859
54317 682
21616 98
10628 31
19024 9
31552 6
9015 94
18281 343
32324 21
30251 84
31365 36
14521 110
81745 565
15652 60
2445 18
2221 36231
38951 97346
56389 945
9790 65
10035 55
64539 475
13890 56
48221 86
21073 89558
7847 6
662 94
11964 871
4475 46789
31905 74
97331 772
47857 3908
694 99
20594 81
62741 78609
50425 635
75651 127
5541 60
42051 758
890 70
15451 9
93471 313
5533 95
36 14305
7090 69
29150 546
92098 808
81689 258
87069 16363
11560 58
57089 15777
11529 60
2422 99
17726 11
628 73
47131 13771
68089 782
9931 575
3741 694
6933 27
32079 66
2229 78
11840 93
26568 26
454 75
77286 83739
85961 274
30989 35
39761 316
22721 47
26731 27
13015 48
98001 583
7658 69
95110 678
9106 75
22095 54
30211 28
14457 43
9687 77
54969 277
33321 544
32506 93
66473 608
96321 368
945 603
83663 386
12051 96873
6865 30
13613 23
7301 398
2073 32
86053 8133
10475 20
17485 42
52714 793
251 713
16705 4
23788 93
24382 25
41505 57
68857 955
44107 836
6930 95
27233 762
31875 54
25397 19
9368 46
9352 93
17296 74
88488 551
7115 89
20109 32973
1059 15
90821 722
15068 16
17316 81
38433 426
15982 44
48254 319
60207 832
52937 375
9889 18
2953 48
11430 30
50883 888
6633 20
42797 28681
72481 89049
18942 99
14312 84
18770 756
29243 6
20513 93
3438 90
27739 83
31174 482
44486 52
723 85
23084 77905
44965 667
38379 66
93793 809
8919 63
94357 48642
9669 20
25783 99
71521 437
57761 94046
2752 77
30742 9
26809 78087
40085 34601
256 43
7035 90
3604 87
4773 60
22091 9
17001 14
22256 37
31198 78
24581 34
29454 94
1473 511
25241 62
77977 644
25980 65
14505 23
4867 50
35279 1654
73081 387
8 85
40075 966
12020 63
78022 9415
14841 65
17819 18
22207 11
49249 53
1681 36
23173 9380
19466 1
87905 47837
22386 71
12897 95
66101 949
16064 30
13284 57
25864 44
17693 8
14751 732
2718 38
22757 15
25145 43
33797 485
28330 6
18833 56
29025 12
21951 59
7365 15
46339 865
41713 118
18687 7
31275 89
31482 46
6940 41
36179 43435
3316 49
5751 33
12457 58969
11042 54
25026 32
1239 51
11691 57
17841 216
27829 18
35903 265
21797 896
28589 92
98051 67921
8817 22
8778 76
30802 15
51565 849
9113 7
10786 70701
4961 46
87477 397
26881 708
58453 481
9112 974
8890 31
51751 395
89975 907
44401 347
2816 47
46297 753
84678 224
21538 69
48289 27
65681 54361
6806 42
11872 84
10345 58
84609 31
29444 91
11490 63
19626 262
11010 95
52217 323
14894 894
27228 33
13219 7
13393 63033
13547 15
24466 59
29848 90
88902 48966
17920 120
8190 78
17994 85
27533 1
56526 801
21087 41
22621 40
79649 18059
26727 94
6281 76
74931 90101
32004 904
12848 4
37881 425
5419 42
94349 338
9204 54
12119 62
87883 663
13792 53
21779 53
30190 44
92229 134
83769 901
40691 339
42741 34785
19887 7
47909 279
7869 13
22505 41
19324 67
19760 303
892 26
28852 19
22907 65
13622 65
31872 4
71351 560
76161 884
97437 264
14533 585
12599 15
2420 15
25849 81
80501 501
14429 57
5189 212
45371 873
50304 11633
11217 423
281 949
10911 81
16232 826
18896 69
8927 3
32004 8
58271 129
32121 396
4121 778
67971 322
54108 512
12108 82
91799 88519
30421 95521
24551 64
15928 90
24992 98
28451 440
13922 65
76170 35039
26361 76
18901 85
8629 33
7341 36
53319 340
1295 74
73451 87675
18707 41
22244 25
13106 76
28339 26
5767 28
6262 18
15482 81
74465 913
29344 69
29125 483
7823 24
95385 43553
14331 8
79849 460
6938 5
34121 976
32651 382
2901 34739
35930 461
54481 271
1906 93
23334 62
11457 338
59541 43409
14599 18
86648 554
39829 917
26945 75
14617 75
49099 76521
49453 425
26049 262
5926 92
84936 79104
95622 60647
31146 45
45463 355
12334 83
25061 372
93857 43375
2227 31
19345 31
13147 32
68373 311
33605 580
66966 197
8357 48
43856 999
1664 82
24985 93
23547 71
81159 98
17142 938
63077 253
30605 659
4669 94
8693 78
31179 916
386 41
20157 60
4042 90
6715 80
37519 461
17503 27
29833 84401
70069 750
6261 73053
32133 71
53581 21
44486 795
12372 2
65322 772
45881 58795
24626 402
13530 73
28628 81
4439 71
55803 97834
74769 176
27317 6
7997 92
57221 458
37723 947
38821 955
26752 15
28935 71
10481 456
899 703
98273 664
5615 43
72641 180
82895 691
23892 47
2684 75
9009 39315
87007 8451
42374 484
25279 456
7271 84
25542 17
16802 687
21095 84
4800 61
46021 965
19212 53
27310 72
3721 58
54259 91
47611 186
62081 907
24338 12
62441 43
96201 825
22390 59714
22255 54
47145 457
14137 11
50656 56353
11244 822
23128 94
29621 96608
14546 63
30564 26
6929 886
42951 724
77999 935
24526 86
31978 51341
17461 23
25324 88
25429 25
13555 1
4705 415
28683 649
19449 266
1757 89
62767 223
32219 38
51419 8
26013 284
2433 13
5156 17
27701 13161
5020 42331
56301 301
56305 446
9407 15
9336 29
18279 50529
36801 40
14049 66
18007 13
615 85
21127 46
30841 22
75571 176
21815 21
16906 86
28065 35126
93756 810
247 72
68933 53774
28946 66
47134 714
16251 2
15840 67
28792 53
22851 19
98993 637
89111 836
20491 44
21036 46
8881 21
58135 678
14029 82
16172 68
9294 84
73097 455
7566 34
12303 10
3966 16
4993 89
125 26
5734 54
21632 312
74801 24461
78863 368
9267 59
20498 92
11849 955
53585 214
93389 243
14761 807
61786 907
99080 149
1088 86
98309 874
25259 990
10645 96
47321 495
59321 78281
58134 4001
32665 11320
82296 1475
80087 84388
29951 96
21368 92
10836 864
1121 928
10575 23
8512 4
10522 39
99471 39401
18842 358
16271 157
21296 20
96049 362
21464 99
28916 86
4825 315
3601 28561
42145 58891
57459 371
16687 34
71732 24769
21817 54773
8797 72
83441 18901
38376 407
12464 529
15289 124
28107 4
32126 16
57379 21
14102 86
24817 79461
64841 481
30107 66
48669 53812
31525 34
89821 596
80434 375
58638 46203
5691 45913
18366 32
18353 88
3594 161
18611 2964
18902 93
14926 75
31606 89
18224 37
42592 765
26237 50709
75826 966
20704 34
4767 63
75069 206
22196 375
77476 597
36885 683
6006 97
63093 730
27690 1
41169 888
99674 500
4087 67
76241 497
19652 85
35099 687
92543 621
29117 41951
23668 43
27001 240
8027 84
73829 66592
14261 46971
27470 63
97691 375
26457 84
2627 72
26864 4
12468 68579
28161 398
88540 380
28776 84
7320 90
35713 89236
31989 64
77551 537
15233 455
13920 8
12557 90
13277 3
96033 275
30681 92
87168 465
79846 489
11805 56
53129 483
86592 49901
14540 78
81637 801
22194 44
6173 52
20549 54
745 57
28363 184
1659 438
163 14
31591 24
4383 21
23820 4
59943 339
88485 540
15177 45
18772 87
33437 253
52735 603
84096 973
21672 60
10308 71
8342 63690
1914 7
62273 553
32947 928
8210 2
18613 63
16770 77
90255 452
96873 56
7999 11
2303 75
84741 421
27637 44
38185 648
26286 38
11163 50
7391 8
68128 70271
36355 361
435 62
79625 40461
6996 28
67066 34045
54623 843
25001 629
23573 91
5769 70
19760 35
31262 885
35896 5
18389 90
45901 988
18952 73
27607 93529
57757 411
26461 12
29273 94
68216 184
29963 43
23961 91999
1441 42
58165 276
68701 693
18063 70
73585 70
642 90
8648 67
36817 57391
61621 336
34005 729
80785 825
62181 458
4874 83
84870 11073
24725 18
26829 58
5125 49
76641 775
50519 56279
32093 47
22312 17
14215 99
4066 78
5868 5
17203 1
21494 92
23606 4
58989 76
45755 543
9912 35
73937 978
11990 91
68579 29
2835 91
21286 88
4343 558
12429 86
69776 752
12070 37
20517 62
15096 31
88897 327
31573 36009
1571 50
15489 359
2409 47161
34709 8075
17857 90
19738 30
7472 51
69993 203
22710 34
16919 76
3647 81
32693 5
13123 58
7513 682
61801 802
18805 2
16841 54353
48989 198
12913 79
28939 64
25730 83
78683 29177
8898 33
27206 93
5740 30
1492 59
83281 98622
851 754
62221 286
1846 86
58571 354
96896 36895
18144 34
22785 705
93001 119
1791 74
4192 6
18356 46
21091 32
9591 79
60576 904
64880 184
19895 57
25645 731
29345 493
32017 16
83599 396
8317 65
32711 92
26672 12
10729 146
2660 38
6335 53
16327 43
2735 74
27223 47
11361 98409
6136 80
26561 341
20517 95
45551 824
18715 73
15140 93
78519 34283
94673 638
20050 80
5151 913
21956 936
23709 23
7153 77
49999 204
29449 14
21294 77
23435 33
8861 79
737 87
32569 59
65716 7449
70829 14541
17457 454
20161 30
16557 50
89471 12554
87041 97989
23600 27
32769 123
43481 601
19216 22
28840 76
8603 24
26600 83
11424 686
7019 17
7193 91
38641 455
12697 212
98595 949
1693 75
27506 48
87129 51573
82001 528
21722 16
95781 989
28952 29
1525 3
38533 406
24812 74
12662 98
16014 4
30041 29
24787 68
58727 958
2303 43
488 66
66611 969
57347 76270
25791 71137
6905 62
6746 527
41601 441
20120 65
21845 38
14147 26
17185 874
44329 575
28748 69
64541 959
46871 90
9343 28
17951 56
54649 957
93661 212
12960 62
6361 55809
37141 51391
31020 97
78965 134
30967 194
90481 947
81561 869
93705 828
1617 64137
53125 881
58639 27
33726 12301
14180 75
9417 51
17491 87050
25393 933
21200 74
1336 64
14667 43
56229 776
69121 35272
19079 45
22279 29
30024 57
5813 35
31031 83
72327 88
714 16
21633 58
16609 77
14501 462
11276 11
3075 12
95996 919
20165 97
29916 213
91097 537
32244 11
76633 39196
5915 335
24522 25
13313 63
63591 648
83153 866
3876 181
41990 24
78761 428
65351 664
77051 945
91469 28961
28464 43
2925 50
92628 300
76943 31652
963 56
30260 4
9177 479
39113 26213
19415 94
6613 98
23809 44
9793 67363
65353 412
50181 89633
12817 517
15789 31
6293 56391
28234 95
47613 49906
21314 71
2243 54
87391 99
72655 519
77705 41661
44774 910
36423 33551
38787 80489
80374 92628
23776 390
1598 15
71121 56436
758 81
5308 72
35835 9
76783 28
21396 8
5121 11693
4645 6
319 664
44662 366
3262 63
43967 79
3713 50
68316 727
75041 131
15759 87
29814 39
2044 95
1021 78367
1359 56
23837 78
85621 85321
24905 53
24773 16
47921 42413
5280 12
9379 83
2818 51
65977 178
17298 90
2095 94
27260 83
31101 17473
35201 3088
44272 98
9196 71351
42 91
12086 58
20943 68
73432 41019
80536 927
48397 806
28387 79
30573 6
23973 46
82121 678
21215 84
16978 15
9837 299
67669 202
10760 85
17888 22
87773 798
13285 49
88469 976
38252 279
19939 990
15561 91
4360 64
18891 40
96382 717
16715 81275
18594 84
66247 502
38261 789
91859 213
2724 513
19485 8
57659 31181
11861 693
7039 83
10957 92
9096 774
49591 70401
14078 41
76987 1691
1568 47
23383 48
24896 54
2664 53
21967 6
15041 556
41486 481
2705 99
43337 766
27952 19
41376 49089
78201 521
5265 737
30163 27
6694 78
27765 63
7117 73
26040 69040
73842 408
45841 107
10404 13
29079 68
20677 5
8956 65
7105 30
9177 34
40727 201
88881 371
3039 71
24333 66598
15370 44
12874 94
4475 80
26726 91
14623 9
21394 17
77157 707
62853 233
17284 42
15604 36
22153 92
8395 40
65865 94465
12207 20
16066 521
34201 906
21195 48
96733 311
12464 25
10900 99
34241 633
4503 45
96645 995
12185 19
60193 792
26489 433
4852 99
16408 59
4755 36
25434 68
95367 171
16615 15
3879 98
76821 86821
51105 409
31853 506
38145 119
66004 8924
16945 99
97846 482
64473 55727
25586 72
16009 54
86241 531
21081 46
12510 20
23862 9
27870 38
5361 18
95409 680
14882 54
66877 74401
91737 54
25687 67
27434 39
11979 75
49421 92951
30509 75
4762 40
30456 8
61755 10791
84221 105
19749 37
11083 90
27469 75
33601 986
22733 70
62111 241
14764 86
77950 315
25293 682
27611 75
52001 174
4709 98
15214 95
64399 130
6122 78
20054 92
3810 62357
60439 793
623 61
17074 11
96641 64516
26530 47
11230 60
95027 730
25262 5
23672 76
32413 64
16586 80
29391 166
22239 647
11015 13
94977 103
58885 570
60955 13365
26893 7
38791 933
62407 17284
1183 53
63597 16
83642 786
22421 349
23034 84
35453 79212
20357 37
80950 81141
64756 596
13342 622
26553 15
27814 18
42531 464
55445 452
79839 15781
13753 95546
5553 62
74401 934
88405 74117
70067 830
40761 32595
8494 43
21751 70
7463 38
80953 295
10158 58
2947 46
5557 316
87661 43712
29662 30
15218 36
64129 791
24341 4
74560 422
49747 434
20925 85
63793 135
94684 89052
8545 39
9464 90
8729 20
4540 10
23553 86
30670 15
11706 35
554 65
65665 552
15297 59
6410 50
14787 92
48241 6627
16459 48
6331 57
33727 61
31647 25201
56033 50168
22885 18
15121 12
53376 67122
88063 532
27641 9
20183 24
78677 1501
49076 654
58708 87
19990 9
44029 284
48577 68136
50832 46523
2878 77
37381 930
5105 11
68653 482
1067 19
28772 7
3111 61
10167 927
18679 57
16802 58
56546 3
9338 98
18282 2
31759 81
4180 23
30246 128
77876 978
66798 51
12128 94
12618 51
82081 457
37156 807
21065 20621
3550 75
21621 743
54308 879
29478 58
23592 95
15111 35
6346 978
20884 22
32426 59
709 30
15120 47
6677 78
6204 3
30511 564
70019 866
92537 630
78754 270
8341 289
29554 811
11174 23
26027 7
27817 55
29188 97
89163 33968
22083 13789
1435 59
1809 84
15580 60
75649 770
9254 10
59501 959
300 89
5063 22
32424 19
30367 34
24245 447
52881 40
68510 12903
28993 84
16273 87
25880 3
86240 92348
5918 53
3841 99
42097 259
99319 184
26346 93
85269 277
5894 92
19177 98
45274 57469
3891 198
30041 82
27557 24
12109 990
58771 81721
32557 94
23518 301
32462 81
19137 18
24755 84404
63397 365
21024 420
20504 64
9390 19
60532 30177
51633 280
99118 970
79985 50713
24880 40
3858 30
32218 437
60026 19758
31609 376
28461 211
32517 70
3671 32
42155 628
11820 30
7111 53
19012 19
99573 464
28476 741
13773 22
25823 50
29897 894
31465 45
84413 118
8001 645
7871 68
10077 427
67201 97077
21767 11
28451 31
7132 94
16049 10507
16090 59
20197 69
74013 349
16465 581
14797 66
9029 24
14430 819
31174 37301
38403 630
28701 77
8733 66
47456 406
20245 34
22957 80
6054 4
21105 118
66089 662
24400 16
15596 545
704 6
18008 49
13125 79
29697 986
66136 133
73009 39945
3331 16
2990 33
18298 78
12648 36
25350 93
24127 12
87711 548
29537 20
76097 609
24057 36
17423 36
12247 65
96751 795
5005 944
7471 92
17348 1
11146 14
50181 396
21532 58
4079 21
61142 41601
12103 69
55595 33281
1158 14
45206 440
11910 526
88651 324
70071 898
74614 637
8469 38
16098 30
8216 69829
14440 51
13388 36
15458 1
45025 491
92705 922
4967 919
29286 53
13718 210
5349 64926
36481 10736
26193 1463
21301 27001
16092 731
22538 73
7751 35
56347 4
30764 37
11492 84
93670 817
21694 85
23202 76
8844 32
33001 70746
93801 863
6908 24
27324 43
578 18
13237 21
61583 994
1914 14
4679 83
6084 67
9007 40
23699 62
80381 13011
64573 957
11843 79
77997 21801
70292 993
7037 93433
1770 13
24793 7
23612 62496
98149 961
84751 659
38401 282
82968 590
4916 75
8489 39
31398 72
88007 83791
68107 875
17694 20
6390 51
22726 14
70411 957
27573 63105
42049 92460
38001 92948
26169 140
62521 965
49626 639
69645 713
3856 93
21691 2
74068 715
6439 8
11551 59
13555 60
26297 333
20945 610
5514 51
6624 67
21502 3
20363 350
265 538
56033 47703
1361 70
51801 483
7691 83474
6693 26
27796 3
73980 853
19409 57521
14377 41784
54158 26
59957 65988
23094 53
80715 82
21993 40
44668 22511
3829 406
7441 254
26674 557
29981 951
44576 64169
32426 26
13981 86
30466 76
81505 662
28093 20
23119 18
54866 200
29767 57
5911 13
16181 43
87044 8991
822 11
25577 44
12561 9
5449 77
32576 654
27449 78
16291 940
8881 58001
22433 12
33507 554
24396 341
16681 7
43975 366
30278 90
46918 729
15149 93
87905 274
2105 84
76091 887
94498 36
8371 48
25516 60865
74323 936
97419 7353
4013 26
74726 678
82057 953
31413 48
63676 48335
98689 234
6634 498
12847 96121
12622 52
24951 40
29398 837
3810 22
65745 30967
3964 366
21957 79
16984 5
14308 24
14666 29
191 6
11889 83
22321 648
24587 65
16881 46
23461 46
16934 90891
59225 621
74905 698
6113 51
2759 96
4209 61910
85826 77881
7309 90
78050 681
25713 85
38977 818
51205 178
7725 840
9126 96
24153 360
80209 957
97121 17947
43001 957
61274 11047
33145 242
81446 15424
27107 33984
57371 904
72169 147
7109 16
5658 3
12641 942
3851 626
2898 44
68358 67663
22407 4
16826 8
29321 11
86497 954
74941 76457
19409 27
24605 33
8065 152
25311 770
92149 237
24073 667
75105 49493
12758 55
86024 463
55425 94785
15544 28
61937 363
27957 26
22911 72
4096 54
27275 19
49023 86897
9371 397
82586 55631
29255 46
19301 104
5313 23
25824 62
25625 12
23613 571
24758 55
13467 41
22385 76
18251 261
98758 117
53661 836
10705 2
31693 85
65281 56
6749 411
59037 20576
66191 31521
90606 388
25609 73
21415 30
153 886
56779 906
18645 40
16743 2
5837 1
19473 480
26119 94
2847 731
11606 49
72075 815
27903 88
78981 208
12825 20
25784 7
19563 17
6089 44695
23792 27
25701 84
23809 4
1211 25751
45936 185
15299 15
1755 91
52073 59895
9907 67
13916 55
90413 49927
15794 81
76467 46089
4001 157
28049 822
28430 9
68675 48689
42307 71
63865 44941
96289 617
16525 19
19860 38
1161 19
34133 44249
30868 78
25771 336
18706 67
25622 95
21736 96
28264 95
35361 440
25547 77
9197 79
45781 194
91061 73158
14985 120
1992 50
16089 78469
2044 17
96016 11425
96717 572
52497 523
17909 55
99873 174
1718 98
2351 12303
14453 76
88450 166
16016 399
3576 92
11897 2
17051 565
28386 20
14754 5
3231 66
16505 53
60393 95233
53511 55533
45249 590
61596 840
10988 92
63497 72
6753 10
50486 96
65508 69401
31380 23
9648 72
14339 14
15090 43
26660 73
25217 43053
10751 18
9885 140
91915 343
28372 778
4977 1
12750 1
47251 127
29919 112
26222 67
6170 39
43491 30256
65325 216
19633 41841
42095 392
99477 811
98453 425
11555 17357
34451 345
21665 62
10527 38
13722 34
23106 593
20553 59
16068 78
13750 26
4001 56
52528 30049
1941 959
99776 135
806 8
30351 721
88501 67
93781 13105
53424 33524
23156 50
3007 627
4289 557
12292 81
36452 648
90215 39607
49876 854
44229 59
78831 475
77681 678
14391 67
22746 17
9139 49
8850 55
8287 91
17173 37
1807 95
32643 94
76 14
5356 93
8225 63
38905 351
77513 747
97025 38281
12777 972
50593 27681
7316 10
76520 96001
53865 261
90825 65885
4301 13
5983 48
5949 89
14774 71
57021 19818
18382 91
13276 87
29334 92
77725 795
12392 58
48409 50824
13289 21
15479 699
12521 77
17623 15
41857 747
55689 133
20746 73
33153 425
24381 228
16786 50
4897 902
45269 553
16395 68
10615 86
28586 698
6450 6
21255 28
23884 70
2515 89
14354 30
6879 47
43786 617
16416 32
29163 14
25513 74909
97711 125
22246 861
17496 474
26572 48
3761 1
36122 355
45815 28291
79319 21
31737 299
2109 37131
26671 83
18193 31
28939 436
29560 29
4483 249
27877 35
19853 84
13556 69
96843 482
3508 49
74217 95813
4262 25
25656 327
2951 55
67385 890
88512 843
45223 366
46911 4159
83871 326
43489 61165
15664 90
29367 95
21986 16
17759 33
48981 461
11216 50
50017 29537
30149 16971
20403 32
19247 54
20326 59
60439 615
49551 10966
84501 99381
86505 449
72501 799
25424 91
31745 86
15475 79
5185 32
7929 35
33000 910
41461 9094
31866 96
28001 778
16210 19
75823 8601
8286 59
94965 28419
76325 522
6101 183
14556 86
7052 28
51109 68129
26500 20
98872 464
28247 17
45233 34562
22186 38
3929 11
2530 13
78873 495
32457 19
6458 78
82957 25281
60468 599
26125 83
23417 2
31684 66911
88699 851
2688 78
29411 70
27943 27
51096 28833
46533 332
22397 55
36353 246
58551 209
4433 47
6646 88
44657 890
70625 900
3193 144
94753 237
10369 618
7261 96
21466 204
30858 37
55064 786
12453 74
5841 38
2961 23
32761 93
25256 93
8014 61
80755 15335
12459 52
94158 58156
60495 95201
31270 87
80609 784
8751 105
12739 116
78455 474
16913 31
24242 2
85613 405
31781 54
9409 45
12014 82
19585 95756
64711 3429
30757 90
9576 96
21803 63
23937 238
3740 58
47563 64
21167 77449
30307 47451
26076 43
11016 5
6760 22
92987 754
30896 17
93531 26349
31643 689
61642 707
24921 9
4843 48
68606 767
25068 10
21133 34
22418 21
55391 198
26862 5
35685 187
20775 9
7282 55
28556 38814
17961 34
2898 79
29481 997
22829 30
7737 48
4027 32
53299 166
13701 209
10508 7
27556 9876
15313 894
29182 22
81161 692
66677 526
27914 97
32079 548
12801 17
13649 6838
3281 67
8681 20
13509 90
21303 25
98772 311
30741 549
15685 766
26011 11
85289 11017
22955 20046
9724 36
15292 31
30812 76
2450 77
45751 56524
71077 779
97024 98276
4649 40753
17351 979
92301 930
64789 12359
30963 92
14102 48
29761 771
76535 12849
30490 95
70689 820
24778 70
72885 816
3642 45
99873 850
25025 19351
13311 742
77741 879
26180 79
6032 3
79693 760
48351 100
30830 28
6987 308
93286 411
24070 80
55253 167
71923 508
1161 255
10420 28
44555 256
15485 14
94354 385
56110 541
86061 698
21430 66
8404 42
80641 20
7256 45
5495 41
23164 3
18096 13
10769 7
25775 61
20822 2
69961 759
13059 36
86351 21456
32254 63
14033 32857
18505 46
90037 25173
72737 143
26351 72
21916 64
70386 419
32276 54199
24363 69
32297 817
99089 338
9060 37
14841 482
8248 80
24171 49
1453 85
17144 27
21665 58
36201 389
27261 986
31909 21
10702 99
97631 773
46722 488
97869 45067
5135 8
44143 450
12614 445
6663 48
28664 36
7522 59
7510 95
25614 74
16177 27
87637 67133
48164 870
23651 56
4541 863
12012 36
22290 61
1781 605
22445 24
10666 88119
25467 93
42327 921
5715 90
33625 701
12276 36
42431 730
32308 11
4471 58
51056 41826
6991 75
4340 13
67641 824
26758 8
29416 21
13817 65
98965 15
54035 354
95817 697
29596 17
23826 77681
45226 60
6845 98
30564 31
21532 60
13323 11
22731 545
19839 51
50145 117
20119 44
14092 19
54006 24301
75993 254
19804 88
14292 6
17841 263
47286 717
23040 21
31502 30
71945 55289
12483 43
26023 78
97089 497
69481 15301
11273 780
9094 64
8962 65
22080 37
15295 11
16711 68784
27858 13473
87681 685
37695 54675
98593 13539
18909 90
42226 433
35001 446
7824 24
30202 768
19716 31
3233 15
19860 15
37177 243
5488 3
571 41
10893 984
21156 29
94481 36281
21826 81
91320 220
72649 443
13054 93
91143 182
49680 677
49601 52071
10461 751
39153 610
26550 29
12913 43
18540 604
58257 69179
40220 709
96180 14011
79088 35521
31567 63
6911 27585
832 89
28096 32
60243 41993
54705 206
88687 892
32202 950
44017 736
27425 25
8874 98
23706 80
90583 795
12049 54
8503 402
8865 37
45114 42997
99149 261
21929 773
48219 530
7383 79
10881 225
80681 92
45015 36086
9882 18
23609 4
31797 66
34645 25484
50513 246
52957 1627
9803 18
41262 65918
18121 47
20304 99
31443 89
10139 37
99679 55461
90033 277
49121 57601
23496 20
18199 527
115 96
18921 87
33149 700
53659 366
19682 65
73366 611
6934 51
23188 68
36801 531
59353 80997
7596 54
30991 95
5275 85
9679 32
14786 46659
94332 763
902 83
80577 776
6164 4
18974 96
25001 179
540 628
10592 376
23265 369
15184 26
17287 39
17334 32
7055 269
26173 90
74145 531
16319 81
90561 44021
92461 75928
4918 72
29169 53
6340 50
12101 76
1783 21
23771 440
99553 659
875 65993
6026 40
6431 82
32555 656
5505 45
54709 59040
8303 4
31299 54
77389 52273
28056 72
99362 80551
16873 59941
31834 23
1812 30
32498 49
4977 76
81921 35576
85215 737
35121 461
8492 79
21419 76
56041 30590
3294 34
16221 1
14252 70
4863 744
7288 25
856 74
31411 664
60526 396
98052 990
29146 67591
71528 736
13694 97
4839 298
14691 98
86401 26201
52368 911
41249 234
68403 50687
42789 141
57573 60
5993 235
493 82
12077 61
30759 59
32337 43
73245 336
3114 72
9151 6
58819 272
10829 70
15785 93
7283 49
90741 950
89480 622
88208 29540
84201 806
44547 364
87136 769
54381 11706
91851 251
19932 87
77829 32388
12808 93
12448 46
32573 24
19952 75953
24242 46
14906 98
22121 831
20393 20
28954 86
30655 87
23037 25
84331 256
50209 216
5992 81235
12961 293
9917 68
13259 66
21997 20
17397 20501
20386 99
61592 709
49001 527
34199 47721
63093 51321
11188 57
79387 932
12503 28805
32798 40521
6729 10
27474 36
80764 22996
4231 84
2611 94
5489 848
12333 17
17749 96
61504 337
10254 58
62997 833
4290 13
11917 69625
96383 462
13039 67
7513 40
55929 503
10977 29
87551 10
72593 35393
5696 15
531 85
2358 25
29685 95
29891 346
75246 616
7361 749
11920 25
76048 789
1873 1
25068 80
45277 60641
87458 148
24447 88
97009 924
33001 276
8638 56825
93185 581
3358 93
30617 41
14171 772
1020 47
22198 85
86671 678
24965 32461
9567 89
19517 125
29024 327
22599 33
32043 9
99501 40
87141 71547
74241 62341
50924 90850
12648 25
47858 99519
29961 16
23815 20
22510 89
836 26
26745 576
17216 37
17318 15
962 80
36289 763
24070 86
19874 62
26603 80
96321 852
32816 884
24312 32
11532 51
25470 2
9537 27
68357 571
9408 82
23624 39
28463 47
40936 387
6453 10
68058 92517
95999 467
14186 29
92321 83555
32721 71
22407 98
5495 92
41701 298
27109 93
7096 32
7491 85865
5334 42
31629 66
31409 12062
26621 76393
13123 6
12457 12
27058 64
17719 89
16341 80
28133 56
22958 82
4570 33
89365 791
12032 859
7231 65
32504 52
31910 201
8023 60
73613 537
26888 832
29840 49
5041 5
8616 40
8925 72
18891 59
13101 532
20737 913
21135 65
1406 86
12287 98
13233 907
92189 661
25722 38
43841 77589
1052 22
7211 23
9536 14681
65258 90881
98747 81451
79951 39219
27680 29
24505 7009
2681 509
7709 597
29595 71
60064 667
24151 268
43505 292
3363 76
44943 449
21450 6
86652 167
5925 797
25064 6
18706 20
7541 679
70164 251
18293 28
26247 396
29301 713
20865 84505
24105 9
19436 94
16272 80
70128 563
27931 131
35586 903
9358 53
31084 16
21983 1
8292 89
4583 29
31880 62
28574 29
68621 623
2210 63
1497 37
25326 62855
4793 51
19273 7
48826 369
72396 47
69486 893
21163 1
26281 71709
12979 35
25883 67
16943 99
14006 726
16450 23
11347 86
96416 89817
58796 969
18647 689
51481 247
86291 23149
11986 73
6277 98
23684 89
25333 19
27374 32
14645 98
9290 33
8615 39
50866 543
1819 901
22070 68
22576 3
23077 30
29749 92
5652 81
2152 94
44019 64357
93364 764
22012 29
10885 97
69961 62747
11336 83
18287 71
61353 328
24618 81
19580 99
25160 65
15349 2
23961 89
7960 70
399 32
14769 32386
69585 17475
1324 71
5930 57
21851 154
3120 58
68451 55759
47161 138
27794 83
2653 53
27378 42
44167 562
17340 96
79869 94261
5000 13
4703 56
52441 710
25269 69
22014 13
21341 94
19077 72
54579 993
11921 59249
11315 77
38816 640
14012 68
46625 13
95026 890
4651 584
26437 83
22285 32
12528 271
22672 31
86805 673
19119 57
6903 82
54001 768
52001 31318
18621 92
24964 8
27726 64
25142 26
11191 229
14243 957
31833 79
29401 53
5750 874
34315 699
18411 31
26521 17
72214 59744
28724 50
1582 4
51841 907
57761 8409
18308 5
62281 276
20543 165
44690 45313
6465 99
1904 85
5293 12
4682 21
82576 17340
37223 86
15571 25
6145 22
6243 3
18811 9161
1034 11
2255 113
6444 47
80376 97467
57372 794
20971 61
96861 111
2847 60455
29895 95
16258 287
28385 96
9094 95
13604 42
85593 98613
32169 57
64961 71609
8327 22
20153 95225
17898 17
89471 633
24496 15
8521 62
11752 34
18381 60
21435 14
5547 6
51796 720
55937 57401
18475 31
7435 12977
97909 51033
68688 622
32793 580
56085 387
12830 45
9158 48
23209 81
85979 87401
167 78
97907 31
3301 563
29904 606
30537 12
77 89
53845 61271
28001 255
6956 55
44306 84105
12958 57
15075 31553
653 543
95309 653
98225 990
97520 810
31322 51
54897 577
89889 44001
28412 19
99741 368
2392 96
34146 352
28253 64
27249 569
14050 437
29122 58
17878 93
22790 832
1498 587
97480 707
29535 2
20617 1
67425 48561
31210 75
12199 8
29802 43
59110 933
5786 87
49206 461
27256 431
54933 691
27057 616
454 10
8298 10
31285 10
25817 59126
27251 60
88 86
37046 93565
44268 23706
3520 882
23185 37
22645 54
1330 37
8611 63
68209 665
15069 8
5166 34
20229 63
3716 1
61231 430
23911 77767
52251 133
24174 267
14674 8
99598 98126
40421 717
1362 23
6509 89
51144 868
25005 25
17109 81
27822 15
83515 279
62839 629
87106 80
3605 79
11101 490
29296 11
27326 74
14515 24
26797 95
53893 429
29160 98
84001 679
22220 43
5677 18
91134 82
67959 428
24155 68
36865 841
21355 55
22099 531
14022 44
20631 11
86500 305
6717 19256
25892 77
3987 48
4090 15
88897 92
5531 252
13737 9
29539 66
29730 87
32425 5607
31714 11
14302 85
52417 38175
28589 784
73893 635
55457 253
35301 74961
30528 82
11641 252
37441 363
860 86
31304 17
50661 30900
15656 52
17511 34233
6578 49
35799 762
43251 53385
13270 2
21701 72
42420 26473
4387 500
37103 448
27041 65685
83971 93033
19165 86
62225 460
31707 26
89821 329
96801 34256
41541 393
21058 97
7826 94461
22178 49
32695 161
30819 57
72181 46
64916 4289
16204 11
574 648
84644 954
80113 256
67888 540
66371 245
28200 48
67741 13816
30446 24
18472 99
51251 94842
81429 502
44561 299
3877 52
49892 475
22041 6
39473 70
71651 11739
4813 474
20641 62
12856 79
24513 180
6439 26
4153 643
77971 447
17640 861
8572 64
11089 41245
22749 7
14984 98
82481 847
40059 976
1128 240
32252 87
21213 11
2087 63
92577 291
54112 2127
8537 64
25838 33
7547 82
30166 32
24126 962
3744 31
27661 32
9018 64
31579 29
43510 430
13133 43828
34451 658
29915 89
45174 578
16475 13
32407 74088
27931 62
14505 91
26145 40
95601 50
11729 68
26980 54
71130 76846
9218 67365
340 47
31576 78
94726 90453
29754 5661
30819 51
48245 10274
76867 89599
4748 66
85017 97526
82223 828
5610 40
96821 2693
55022 284
43157 312
24257 881
26603 92
16025 74
10867 49
26388 80
27715 15
27895 37
28915 23
6219 5
42502 55085
84891 52
1420 19
56746 92890
45011 863
7171 93
23586 55
7430 63
566 51
74649 50
24557 84
3321 62840
31608 22
15772 78
10077 40
31653 38
13165 36
1829 87
19606 832
14540 46
9057 257
49275 557
5346 67
17605 730
10336 301
1233 56
53738 628
5874 71
11471 372
24385 886
12638 22
26401 32
4757 398
97385 865
35703 856
21004 14
13860 82
32226 52
36338 7
96222 84041
17274 47
20957 40081
855 49
24376 252
16573 839
80808 777
8575 83
22056 157
23973 56
4494 466
3219 5
88608 30461
40411 33686
9513 12
73103 713
91417 647
8120 52
7871 91
30477 41
5498 48
14397 41
20903 40
786 66
17428 9
81617 56589
2508 76
34515 913
8677 9
55845 431
47793 22483
32457 43
1854 24
4018 273
46139 826
15716 65
5735 838
64601 999
12952 55
6770 20
36713 767
91902 521
23153 768
18690 23001
26538 81
45004 37301
40318 704
63701 83017
9837 81
70499 522
90496 702
99937 205
26708 78
8690 249
57249 3
5645 44
11600 46
68001 698
30862 6
26701 133
23688 35
31621 40
12863 577
18697 87
8218 57
58435 62
41761 23486
52853 26500
24858 25
29562 2
19107 64
35693 10353
45091 213
33569 295
25633 84977
81747 381
76815 31086
28551 58
9098 54
50953 90941
42331 465
16468 21
11784 26
8976 29
14145 207
7622 57
10989 49
32208 23
63526 127
63061 215
4445 89
42613 399
12214 381
50193 527
17747 45466
2407 44
25112 92
1627 64
28153 63
29940 91
48371 895
8239 12
16767 5
30411 14
50401 19910
5438 92
25419 96
25212 71641
28655 82
6765 75
7168 52
27505 74
25699 2
16261 34
23308 84
26465 92
19478 89
22815 19
6207 29
40036 525
88443 667
16926 140
11811 87603
18674 27
9674 42
25252 90381
32738 38
16263 890
58401 19427
605 85
25268 65
13721 945
31247 30
88207 97362
17915 2
3401 40
14501 5
14096 23
94965 411
23866 668
11843 7
12826 2
35356 3751
20828 38
38425 11201
92345 997
25449 649
20489 50
16226 162
42273 41121
29778 39
17428 76
53163 416
72547 366
17651 88
27493 29
20628 99
73160 93959
37341 34785
68559 456
7053 808
6145 37
67807 192
2379 970
18723 64
6303 18
99591 88649
60651 50566
40634 49465
23571 72817
30196 86308
10497 691
52797 757
16569 88
91359 87465
64781 56382
59089 185
31521 24
20063 18
47594 419
20173 82
30933 72
4122 83
17509 79
32223 596
1849 65
79145 409
26017 61
76820 550
33901 67801
7293 56
96021 185
14089 687
32661 71
16991 50
20337 36
13741 26
28749 93
39756 83457
23200 26
14828 19
21964 13
3953 90
78178 737
21147 38
5950 20
62049 26370
11900 11
25524 52
61521 55931
5775 16
28451 45
27864 82
4687 42
94385 209
65285 11533
79919 505
56982 65281
86153 81125
62433 660
25304 84
68041 326
25167 29
1489 81
58120 443
23249 55
98985 9911
37076 180
80110 223
43427 59241
12166 73
10764 304
90003 587
4890 5
29437 81
8837 42
29297 78
1985 903
22290 77
3841 89
52876 386
25989 23
27414 25
13131 66
32654 88
46628 361
94015 234
7462 10
27505 482
20604 89
19401 68
27081 57
93013 46601
14366 66
2437 14
30075 262
26764 1
88515 56
73761 233
14113 206
83056 590
2083 945
10913 75
26153 9261
25499 97
29039 83
20253 31
51036 36297
52681 226
28453 44
19162 70
43159 708
18791 40
5685 745
32231 25
25092 93
86459 311
92123 60361
45240 32105
48925 6401
98273 813
1757 28
21121 952
14844 36
12557 58
17705 21
7315 76
31260 9
27810 5
15037 382
73877 637
19053 50601
88783 587
1067 62
8895 52
18889 37
15655 90
18603 96
16739 95
11294 52
11563 83
68106 482
12481 427
22505 46
17768 2
29551 15
59816 241
76221 79649
89121 712
21943 71009
68308 996
92675 72297
10759 649
85906 769
44429 518
14649 62
22245 371
8962 68
29121 51476
20291 55
25921 54
67530 93867
77001 806
22342 19
3260 2
1627 75
94541 589
471 61
26677 77
26241 756
71421 216
49507 404
1525 82
7945 81
42801 858
8821 977
8382 17
60028 116
6875 24
68497 881
1492 5
67866 306
21435 5
4278 68
73953 271
22937 68
74585 625
91991 541
27733 915
987 41
87297 245
27624 76
19521 4
94155 217
7381 85
1701 25
23238 12
12402 25
26779 50
42145 286
70379 393
51211 84
19399 15
180 236
96221 61089
5951 811
4751 32
26833 65
11325 46
718 70
24189 81
92746 9191
18045 88319
42433 247
17960 39
29596 99
5294 10
38361 42121
16165 62
10596 3
63865 242
86709 478
39229 29061
6720 37
4777 52
32314 279
28766 29
98437 162
15390 34
39297 743
9011 7
15839 36
20981 284
10714 83
9877 77
70973 418
16664 38
29929 57
41400 434
67545 110
40570 485
50721 27936
17081 15
12609 25
34567 965
44156 19
26928 99
29028 67
12594 5401
25922 64
56491 99573
87961 56566
14298 89
25851 38
48305 641
83093 406
13399 5560
19541 39
11134 36
28721 47
56049 7081
95511 93
41509 627
7117 1
8901 738
17814 43
73351 87073
14901 188
48113 981
27841 460
75259 200
16748 43
6671 40
48393 645
64017 90385
29675 68
8311 92
21925 18
95276 223
64471 106
32107 34
12807 45
5142 92
30821 343
22261 79
14697 38849
29939 58
6493 96
4600 71
8274 93
61486 666
21913 77
9571 557
5631 89
19222 87
5697 710
20764 77
11257 58
29623 47
17446 48
22758 20
45601 609
19138 77
26869 14
15166 903
44188 335
25264 7
80792 207
91276 20627
34585 40
14639 16
24222 91
19966 65
29215 28
7064 15
29614 10
5751 2
73223 601
38695 754
54711 719
29911 11
72501 764
1151 38
59645 880
23061 92725
51201 23721
39485 679
1742 80
2803 72
18285 906
49180 701
17923 81
5233 60501
7530 77
28643 11
73121 28933
1409 1401
52078 43246
8931 592
59169 160
27581 829
19260 43
23844 49
5253 36
91923 213
60059 627
12146 27
36413 204
83246 741
16259 44
12944 73
36985 747
5071 59
24554 41
57539 524
16993 991
78481 889
21133 3
10782 52
24610 88
26561 960
5838 85
10056 5
35667 4085
5670 25
10298 60
35716 82169
23355 61
37137 439
81221 66933
6909 33
7085 55
16249 81
76377 589
23297 46
15208 46
27025 59
19289 774
83841 292
14762 7
23667 28
6838 5
25177 62
98861 233
2627 12
16364 24
91527 405
5951 51
92397 59279
25537 94
27738 225
2684 99566
13236 74
30745 62
8906 40
91793 902
49479 99470
22781 947
10030 41
18419 65
91701 179
28251 463
88264 71755
12373 40
28239 9
29067 29
86001 512
73501 686
72085 731
78699 811
98351 3497
8331 13
57245 856
22109 172
17557 83
964 39
99617 276
2291 35
24142 74
26769 20
16429 83
29082 56
14437 285
5863 47
2028 79
7016 87
2753 4472
3222 89
4106 25
25727 4
26237 94
30587 71
15442 46
55817 142
9129 466
70737 58
86361 52
52958 84910
5329 44
27081 263
11674 126
28167 11
31105 56440
17074 7
3535 52
80013 247
80769 876
32708 858
29440 32
2126 65
31876 17
22501 697
1410 16
26151 74951
10472 5
4477 273
31886 623
54959 975
91821 25
17720 2
28413 466
67521 66633
55371 27564
24528 92
9266 40
25193 44
73877 25473
32693 12
95052 49171
2461 890
4381 60
937 76
16018 38
15966 33
92751 79303
28467 180
25270 77
38934 173
14176 532
93265 94341
12289 31
31451 39
30894 27
21220 44
28032 48
27804 50
97721 287
6479 269
20352 68
21603 72
46367 845
4130 45
54065 437
10930 62
38169 363
13609 33
8027 40
19969 68439
22079 52
21141 190
85769 779
19051 954
14764 69
63696 630
10341 26
18771 80
11409 46
99951 3601
97801 863
18881 672
11896 9
98561 12941
55251 712
44005 428
36172 732
11789 92
580 20
6358 4
4349 90
20598 419
99597 230
6031 87540
75949 78961
31417 58571
5126 11
50949 354
7667 46
98441 335
7910 98
65601 214
57257 926
51152 57317
26991 7
25335 48
61798 76217
41697 579
15062 64
12237 18
3721 81
21809 40
27566 62
88650 982
67955 561
10978 27
6477 31769
22970 39
21707 28
18424 45
29592 42
20919 77
4548 34
31882 67
21602 59
1446 17
15208 99
95327 109
65761 227
443 35
10115 534
14515 80
66958 281
31781 82
37097 110
7024 80
3826 48
31060 84
14779 43
31712 81
58152 575
11081 68
29579 38
30784 69
14633 70140
94132 95410
15234 9
47494 719
31111 91883
7493 9
24246 44
25980 824
38961 4193
15164 22
8234 53
8241 430
24178 32
94006 33
73697 6615
4087 94
26349 55151
30729 14
71181 673
1537 53577
70995 393
25160 73
17499 36429
63770 152
15425 673
31085 55
7069 14
7889 73
14116 49
59136 4
32403 48
17870 37
56833 534
17743 18
50095 307
85305 913
29216 70
7024 26
83937 405
1667 60
42325 349
19103 605
2129 957
19359 37
56996 888
96727 56315
32552 66
91525 10805
80500 19355
3617 74
6089 78
20980 3
10007 31
26105 38
5091 99831
69510 999
91249 77661
30504 29
12503 53
10999 61
81411 811
18561 70041
14307 44
39738 85198
93081 29
8298 16
7529 57
22088 27
39867 44571
8096 76
7104 67065
55070 603
84461 22
68464 402
88980 71
14967 7
26610 63
57093 358
28332 24
68369 637
14525 961
11837 94
79062 112
79937 743
2005 837
11680 70
7468 78
8934 63
72865 9571
82925 790
65025 636
29983 15
48063 506
23821 92
82537 80173
11199 6
11361 9
42951 50954
9276 98
42133 997
1639 79
2527 12
30877 61651
2517 42
27913 24
873 225
25133 20
23499 4
42932 799
25399 43
13955 59
11899 56
49926 358
10971 55
94811 677
14715 91
7697 94
4367 97
7184 48
20505 9
26421 762
72711 318
29340 68
48811 141
31368 87
86991 179
5042 18
10068 13
30319 35
3901 811
29280 670
8719 287
23631 74
53018 70245
29765 82
34201 938
27624 2
2911 61
14076 406
3969 96
52725 166
20495 60
6634 7
23934 67
77477 967
66587 411
98741 98923
72545 260
8245 58
10510 38
2546 30
16881 927
4910 59
66681 787
60681 937
30833 21
18887 97
29748 87
32177 71
15278 3
2996 13
35761 250
1849 33
10900 72
18761 606
87789 761
66799 937
687 76
26426 49
58107 266
94309 27245
35568 80471
91651 338
8010 37
30001 29
54097 951
18148 88
36361 362
16239 65605
2692 53436
38098 117
18879 43
5269 549
6504 82
4881 1
2354 37
18799 76
16155 6
26025 678
7461 70
67676 84874
33371 561
767 21
56575 550
17761 345
73751 128
49213 28671
47645 772
15407 66
28821 78965
31185 76
59711 47801
79123 541
43937 68
98791 656
99766 410
27876 710
83181 13957
28503 528
16512 70
68239 415
36481 703
10476 3
45844 527
21297 26145
24788 97
943 65
8633 47
22255 63
25462 88
73444 545
22225 23
6982 61
16856 14
14760 38
31581 30674
96877 61
32638 31
89754 62493
54937 493
8255 62
86237 58981
31167 85597
21475 94
19409 51
1826 84
17783 61
5875 5
30960 17
88945 598
30836 323
48571 194
2737 34
8448 94
26169 57099
3739 41
19348 21
18083 35
19849 407
10357 732
39333 917
97025 176
26221 46
32660 38
4751 44
15973 283
25207 3
49560 718
65156 29
16276 528
18647 7
53919 548
20982 52
28627 51
27876 67
12157 56
2951 255
27416 25
73121 600
53839 61
28343 36
29535 56
87323 422
23656 37
88993 56761
652 998
70626 850
15205 45
82349 418
10090 46
72085 251
17914 54
45751 426
29018 48
30202 4
83639 52
8345 108
559 98
13913 87486
64121 352
10571 67
2858 34
57147 683
816 42
55081 306
8857 99
19 50
5621 82
23426 208
77801 620
61817 898
13312 26
30608 56
25023 40
22465 96
29191 33506
8697 44
23243 21
49968 390
20529 28
19927 6
28502 48
16891 537
50969 350
35737 463
89479 767
52236 870
11331 1245
5396 31
50451 88075
32503 35577
29631 22
53843 4
23653 97
28594 82
68065 37
30629 56
27481 79
99247 38329
43394 445
9608 12
58887 6316
5225 61
10343 607
70881 929
30593 929
61463 458
6307 623
25843 4
46485 359
44126 854
36129 4073
63891 86560
2132 75
67297 18761
16771 6
37481 52
23239 41
18089 74
20293 933
14738 128
53905 629
64793 428
10956 12
17733 884
10711 71
27807 86
40161 9659
23682 16
12354 86
4341 10
17151 46
75261 83233
55201 33183
46691 325
27076 59
10845 997
10044 57
39985 722
13923 51857
26034 32
9970 267
43686 815
29603 8
92289 31745
17133 86
96309 301
50188 91545
4314 78
88231 429
13959 963
94320 57
44833 80868
1457 85
11030 39
18449 46
16224 99
99857 730
32001 3
17026 91
2480 65
10656 64
19369 89
42171 68
27149 715
32663 82
17971 85
48309 984
90531 37089
1657 30
17454 23
6172 26
5078 16
4834 26
44068 627
16820 67
6849 308
9128 13
59217 992
66268 645
6332 40
21286 140
93259 13
5199 569
119 76
12181 64
21100 44
27873 673
61545 678
10231 43
66044 550
24836 897
16141 29
32386 62
26881 681
8610 22
3486 5
33969 50209
1015 88
20173 23
26406 7
15836 62
75051 151
2247 167
20910 7
63241 18889
95626 796
919 47
33651 500
3052 26
18105 54
92471 27546
93376 1
1455 5
13811 747
1454 37
50181 795
18378 36
78001 43291
93409 50198
41005 210
93885 480
79121 948
68198 65451
51170 96231
34693 642
21212 1
54092 411
21380 85
15083 83
5949 39
88409 490
25585 91
30204 81
11051 142
10643 93
55084 132
25329 80
43071 76527
11765 46
10919 402
24302 6
28973 41
25409 591
14796 59
18276 3
17917 76
93005 55
39900 98
15177 80501
10961 53
6147 23
8871 89
6499 70
4115 8
80673 73306
72648 933
22995 13
4800 15
711 67
28481 762
19901 176
17932 40
26363 17
10494 90
30185 54
3735 86
57201 102
10760 77
13971 39
4999 39676
96621 46241
26915 323
12494 65
24733 608
10002 36
1550 42
86231 853
27161 663
24289 44
22356 76
39183 733
34049 456
5158 18
20765 74
3700 39
6665 46
37449 922
66304 102
10452 31
18106 69
16601 95641
36546 52214
19000 646
16663 25
68005 609
13411 12
12166 10
1755 70
15629 84
90433 223
21228 3
20369 929
16961 25
16176 58
48193 312
10841 41
9664 21
25797 967
89531 815
25845 66
32348 37
73778 383
1316 882
18485 262
78606 619
4544 45
48001 20577
3843 23
17877 23
16581 45
2865 10
51077 67277
12659 63
49614 125
92969 149
17924 41
14103 42
3800 56
74353 53749
13409 401
57343 494
16036 83
48249 65
5650 42
13177 39
27307 70
25280 38
32536 80
795 876
24857 964
68033 18
63126 12019
48821 845
30798 822
4100 96
28185 84
33075 18
19609 66
12313 315
26001 959
16738 14
3542 69
7866 68
4583 79
2906 495
16082 18
17238 75
3578 45
56114 879
2262 79
46606 47406
25387 32
24225 83
14308 421
2268 26
22851 496
26500 55
19854 10
19207 16
8423 8
42282 748
62716 279
16140 31
8414 15
24410 20
39064 720
53121 64
48641 32883
7750 42
30946 729
17578 75
56213 29926
48247 22
81650 72307
20010 31
19630 356
66640 883
87005 3024
16061 49
22085 28
8601 827
11329 83
10363 12
28897 80
52203 513
14191 1781
18047 97
84001 34751
17974 92
12667 12
25137 73
74183 56505
85481 3
2402 37
29404 71
3237 58
66438 955
21544 85
25795 95
22464 6
9112 18
18830 175
4961 91
31332 92
85810 476
18208 62
93593 494
75401 19651
11222 83
71006 883
61313 324
8255 68
71093 81
6812 9
12898 91
26906 12
17907 57
20110 49
4754 35138
29713 619
96641 334
13246 96557
11497 77
44155 237
15463 15
24498 30
57479 15
17825 974
26682 968
419 180
29845 92
9029 60
4966 70
21577 21
25149 38193
28026 30
15067 45
32961 575
28923 19
29118 11
24573 570
9421 58
9462 17
3816 11
10296 43
91886 893
56631 609
31617 81
19354 67
11827 69
98685 512
45561 73290
1911 92161
90065 930
18100 62
17648 65
90817 430
2369 573
3930 703
27988 91
32544 67
13801 353
78675 300
4866 5
22270 74
17651 32735
48498 54
50503 352
43117 17
60539 416
18881 198
19325 56
33291 39
26912 78
29296 86
24741 89
17127 48
38273 368
551 85
19410 60
20936 774
16021 33270
40657 344
30098 5
23731 46
4415 99
18901 3849
73866 71
62811 538
7642 91
98777 934
8580 9
12209 16
764 8
12560 11
17374 73
586 54
12579 16
24665 28
6250 84
31774 49
12916 47
809 919
2938 42411
67776 789
7793 29324
11343 10
18926 71
51993 48
24442 27
12632 56
19927 50
94527 820
29634 68
42071 636
52529 278
1651 69
25078 14
89481 54537
50865 788
27451 741
29384 6
15801 7601
37701 772
78573 27923
2312 27
76558 39
64650 360
22975 1
18646 64
32753 54711
20634 58
30072 83903
4049 532
35344 454
16171 15
23063 79
25579 34
93889 177
9993 8
60097 433
10282 84
19388 77
9904 69
14934 87
7584 27
93821 293
82061 344
30708 44
93585 487
30636 39
5122 30
48643 254
93389 57
18220 19
7747 52
96395 2759
76249 39939
11113 8
24145 52
29131 54
9793 63
63999 161
5100 30
15176 92
90969 897
55084 65
18433 30
22841 774
8194 471
15018 13
82141 286
81124 613
77187 469
19262 87
10003 49
15054 72
9076 54
29873 42
73902 82712
6991 96
69153 21
40251 9
17913 95
98691 334
12277 86
32263 2
16519 20
71021 835
17400 28
22039 18
20583 12
31075 218
27462 72
92041 290
59849 121
32721 75
15861 25
13316 11
27649 9078
26634 89
26487 9
19051 96
27936 720
14898 5
5053 59
590 51
11988 64
42887 32
14154 78
235 28
17760 84
21421 4
40771 632
30058 45
20560 43
82243 12741
21798 5
62141 3794
98135 1
62676 18
25930 91
11170 31
54661 52153
85497 215
32045 476
28681 41
2015 89
39310 702
75233 264
96848 90054
68033 218
54927 278
19600 11
11264 163
6115 17
8521 74
4648 70
18081 907
16193 386
29280 70
76731 204
7253 72
31449 330
3794 33
11523 54
6888 33
7268 97
89741 3841
15567 95
64495 715
68406 921
8869 85
9540 375
26601 82
98123 121
57330 714
21066 86
13524 35
3277 88
65109 874
97552 169
54017 93101
92095 48905
90786 11
27019 82
24615 60
17601 67547
9978 16
73513 929
8423 41
79653 680
94971 889
204 18
10524 68
29872 55
6961 805
4153 546
69027 484
89151 979
59351 428
30733 22
3250 5409
53521 84501
84413 173
17109 299
15886 93
24975 67
10514 399
6316 70
12292 68
77026 19
87297 69537
4469 56001
50609 21094
65234 701
1043 434
52821 96
5250 70
25878 90
17159 797
1191 22
3920 99
66017 605
29933 84
93921 478
721 192
5227 60
60336 530
70731 32685
25331 899
73196 163
6308 56
26515 7
6578 39
61812 513
32284 49
308 41
19185 8
6965 23
5867 90
19511 83
36909 64106
55359 34501
22503 1
15689 8
38101 19403
724 39
66305 382
1954 82
18116 46
27261 34
20724 33
15066 69
2720 69
999 26
7992 39
52261 169
9898 73
2270 51
13398 82
10343 84
4173 84
5931 909
12303 36
5430 515
74937 22801
7368 93
51169 225
20635 30
7964 64
54509 814
24030 72
34206 781
2461 185
62271 41903
8256 51289
62963 956
9361 91
15474 12
29810 24
53849 75289
28041 69
8815 209
2913 28
5109 10
82017 764
23021 992
19490 78
50165 664
1363 6
10725 17
8500 56
9579 66
86401 42
21401 432
9992 32
23838 908
3430 21
26691 68
20445 19
42643 69433
19605 61
58644 90825
1447 51
6187 58
58033 16132
26783 985
3945 74
3325 36
95101 595
64145 646
97109 807
71445 149
15399 689
87950 39409
90291 625
91427 610
21897 913
98441 198
13556 62
77313 3626
9966 67
29162 25
27700 13
679 46
12618 68
40435 17318
3449 53
17242 87
88477 79624
15372 81
90205 313
24476 78
11257 20
21802 79
6610 37
32104 39
22535 66
3441 98
89621 645
7395 975
25453 9
95508 596
97621 4
2081 672
91859 851
26432 780
38801 347
83096 32681
48571 383
25618 3
35931 84169
79302 443
7069 75
5036 80
26035 83
16522 52
4421 26
44785 14563
28365 705
87403 118
7540 17
13093 67
88721 25
77121 555
52861 25838
7134 89
51341 506
29650 93093
75449 290
26669 11
99516 445
36037 38191
50961 60204
17554 45
32430 7
21292 6
16301 693
23062 79
38962 16548
46983 62394
31661 58
12419 13
13286 28
28402 53
44289 99563
26611 794
3906 34
92483 475
12255 41
42891 60301
21292 76
98909 908
8905 17
25756 46
27305 18
23132 4
23126 93
7161 68706
3422 50
59224 446
79571 874
20785 72
13474 5
2093 76
11451 127
5569 92
25613 82986
26590 68
73105 978
45587 400
13891 51
10143 26
20685 18
90062 475
7719 91
82693 244
5668 3
57620 233
55731 33030
63449 63
24838 47
19313 31
93489 657
12397 32
27011 93
7225 5
87437 137
11312 62
77552 842
26469 88
21361 1
17222 5
28773 43
2585 89
15813 19
7977 738
12751 75
30754 13
42126 941
19611 86
23273 10
30183 33185
80511 193
32977 307
21545 50
11982 22
79019 163
74825 139
10256 69
30821 8
71161 81151
97731 11781
48619 42121
76651 761
158 46
26215 43
58653 62557
19987 6
27989 48
6769 21
94261 720
25800 51
6024 20
96351 278
838 27
74076 26330
63253 681
52155 18
66469 2526
32701 53
89707 608
7524 97
11772 84
29599 94
25384 62
97576 451
15633 48
79741 539
75821 412
24281 37
1735 17
85601 660
5724 70
27167 52
61578 582
723 49
16585 17
80501 369
13811 94
64386 43905
84081 71570
31339 228
14015 83002
50081 71617
60385 457
14634 93
62531 90769
15639 87
32541 4
1421 13
624 55
18319 65
22231 95
20994 46
3444 44
48335 173
21520 45
9601 31265
14318 14
91589 96161
44351 1981
43481 857
27348 27
17971 57281
27393 36
16536 5
21200 78
98841 54
27048 67
31564 6
55515 407
37866 810
82847 45743
58043 86374
73527 712
26298 49
47141 635
46121 396
64817 175
86589 217
1935 92
11041 71
86873 125
28557 85
42015 816
8309 96
30103 71
5194 5
14207 79
73497 71541
21671 26
67262 920
2709 55
2744 89
628 75
16379 64
12512 39
17777 39
47381 898
24379 51
15701 36
90805 602
15192 25
29643 7
48 50
74221 101
30946 41770
55441 840
2231 86
25041 406
47151 91800
28929 866
23621 82
49011 566
1927 27
42014 335
30499 574
21408 50
24151 30
11843 61
10843 11
23629 28906
49573 59535
16245 296
96126 570
59111 63841
6181 24
25275 59
5175 43
22615 38
28278 4
24159 97
86811 5
2175 167
21241 50
12298 68
99867 852
67013 928
23138 20
19073 632
30476 8
23558 88
32283 10
2893 85
5575 64
25631 12
21647 582
82117 959
13789 67
95490 87
387 17
9227 2
705 6
14609 803
34846 56191
81587 11401
12988 90
915 35
6593 7
5270 7
23910 77
11567 69
15625 394
17097 19
76433 157
5973 22
3783 67
59965 317
29028 61
26256 33
13398 23
57487 940
99037 714
31859 9
20742 55
4925 40
42015 855
509 147
60929 86
75001 16534
89738 99134
21045 62609
1678 65
79917 20788
500 96
80291 824
41041 19039
18043 79
29868 699
77701 524
77785 649
21740 4
6910 82
10321 49
18247 74
2171 44
12801 46618
26526 6966
29773 53
33057 551
4440 499
2685 94
5280 74
5179 36
11025 61
11259 18
29729 342
31264 94
21701 9341
25472 35210
12183 306
52354 98
20243 28
17430 53
6745 44
12163 93
67621 653
24423 16
94017 32788
12741 90
76561 26534
13233 608
20984 90
17795 86453
8278 16
64329 278
10730 81
2313 15
12552 658
17211 538
31421 947
26260 48
1816 80
31236 23
6711 962
15722 58
85979 81553
3649 709
25260 18
80513 977
91393 98151
252 73
6839 37
8515 4
79879 48
9713 59
10147 32
12921 38
15213 6
7478 63
9930 22
29474 22
28221 76
37851 974
50346 403
9326 472
98529 51173
5309 184
8742 41
28729 68
27663 14451
20511 61
4544 93
2084 8
32458 54
3497 16
8979 68
533 798
24683 84
22924 67
90575 478
2460 69
43834 819
59384 28538
14825 44
6986 22
17109 17
67864 576
1420 3
53401 905
62780 148
82876 2351
83801 225
24704 15
22596 17
13473 34
8357 17
31697 67
21104 58
12327 73
67861 167
17917 26
86209 943
17506 96
28803 19
62216 938
20141 77
1693 95
44934 654
16078 36
96881 87463
31036 53
92198 141
4415 44
11557 90
29294 5
98279 105
23931 50569
27227 7
27407 91
30063 52
15671 29
15668 29
47430 98481
24511 63
4226 237
69401 502
22623 93
53325 928
21550 84
36599 58708
91394 69160
5361 237
11852 63
95037 978
17024 68
19459 19
23480 83
1069 36
34677 50045
5319 69
10753 53
10770 59
7251 44
61705 914
88941 28446
43961 87364
51313 372
29211 30
32496 36
309 21
17789 93
29957 67290
12977 87
26933 16
13964 72
60678 612
73509 591
1322 98
1061 12
15778 71
27408 95
4089 60477
9969 111
29521 568
73361 414
43795 968
27833 91
32763 21676
9561 1
22841 18
15424 55
13816 38
26593 4
98451 532
24461 19301
15648 50
96375 3801
80373 21
29427 48
69179 951
31866 44
11280 34
41071 616
55541 327
594 42
46769 47999
65387 14
4080 97
837 995
2201 84574
20905 69
21152 85
18584 8
22881 78
92101 597
62821 799
44351 11976
8110 24
87217 2471
4898 30
18632 61
95247 31201
26505 33831
44359 420
17292 57
53407 848
4797 344
80530 11056
16438 47031
68599 849
27219 92
21416 20
22978 82
95401 64179
7990 61
27299 48
4636 384
4991 60
26011 9
8169 89
18097 627
6947 11
37839 47665
24732 40
99513 772
6684 27201
14388 20
5933 83
32151 18383
23048 57
6508 62
44453 480
22075 96
46810 347
5199 70
1203 77
71769 300
57627 718
5755 5
58501 99983
44001 932
56437 118
31316 48158
13751 63
6885 19
2080 45176
18147 61
3085 202
52753 38002
27983 67
20153 468
9282 871
25511 99
20101 29
70591 524
28648 69
76401 789
25396 21
19413 84
28242 31
60091 803
26327 49
23491 34
9868 44
4541 582
2584 461
36146 541
20026 17
1309 62
14414 81
38657 878
7681 14871
40145 138
5268 75
19706 99
13382 90
1665 921
10370 92
96329 969
26260 54
61200 448
1632 4
83001 565
8284 39
58985 765
37359 10125
3554 5
13736 31
829 93
45961 84
10871 392
12249 47
17271 980
71101 634
16835 3
12690 60
28136 32
85889 812
12943 35
3916 919
7214 94
28433 493
82685 320
6720 62
31370 62
69489 76
94187 722
2305 23
21713 655
22944 67601
4486 65
639 86
44507 303
16093 61
18594 6
15631 9
26847 42
69626 57413
5568 5
3350 65
22639 29
48396 698
3746 868
22378 2
11538 60
76593 170
15611 29
12303 89
6588 24
16366 26
65588 442
29886 903
37561 222
3603 43
31999 84849
78925 821
28004 94
93981 131
3160 885
37821 53633
26259 76
14170 95
15242 437
5004 60
9571 27
12270 93
5444 33
21690 8
83034 952
29791 81
85971 80481
26308 82
20292 6
56039 125
72641 30233
79051 1
32031 23
61009 689
20819 394
22380 53
82185 394
42757 43966
6719 58
21708 53
24139 23
86481 21066
49505 59
6858 33
12594 30
27992 80
1601 57391
31601 70301
80733 66
3160 47
4529 824
31553 50
81363 77
34781 562
30085 74
19201 4
12276 56
59297 658
12091 58
96945 432
79285 908
26248 6
3369 844
1701 650
23475 76
31238 92
17498 33
14939 64
56406 580
24449 583
3126 78635
92475 73506
67434 3321
18494 56
50358 233
369 738
26464 129
7163 55
41609 240
5892 38
30203 843
71461 45221
10736 50
85571 823
1981 87
12499 583
90351 929
23595 93701
963 4
10322 57
25988 3
61098 251
17452 16
30601 63
44065 291
2625 89
7339 11
23819 32
12785 95
23681 65
43009 186
50353 78
5990 12
67921 17449
5032 33
20271 350
31854 26
79469 966
26767 54
34161 965
53367 305
928 66
28582 265
80195 37
53913 626
32248 54
31797 15
27576 83
17837 59
12404 29
25509 7
14545 656
30319 41924
5936 78
2795 40
29213 44
27218 10
13825 60
10934 2
46761 735
12543 527
713 87
25264 59
15534 89
11894 75
80567 39807
64153 518
21551 860
27974 36
30411 48
16738 35
25681 866
23295 61
16206 9
40774 84361
50726 22492
15607 9
62689 485
6813 52
6160 65
87571 442
28901 87
66345 34299
2171 34
75049 81091
52433 431
14592 80
22883 61
26805 84
46014 740
98582 927
14914 87
17777 80
307 41
22048 70
55549 824
13133 33
24238 37
7293 48
3737 95
89440 562
23979 40
29115 47
20532 88
9609 26
22003 65
16392 96
3471 75
1683 63
6838 73
5320 46
12086 222
3112 21751
22791 40
61233 648
3318 33
32104 91
31897 37
9815 29
27029 83606
14985 160
41601 3
11367 17
93715 20
14804 98
26895 24
9461 1
20566 215
59301 904
5026 4
32108 59
89983 24
14567 29
12041 2151
43141 34326
73741 996
71097 122
82751 680
20322 26
25579 50
12148 84
82641 590
79701 50019
57551 22
21733 2
83521 90181
1438 37
6170 1
28039 46
58649 14696
22057 35
81102 329
2317 40
21931 15
29201 436
17044 48
73051 117
10775 967
30681 96243
9476 614
11120 47
78487 31
3036 54
4060 35
14211 83
5539 49
26588 22
64097 96353
46167 51517
70396 25531
26596 53
1178 55
67853 12165
26243 65
3163 41553
28030 76
85143 78593
5412 93
21311 5
32146 99
83675 266
30030 63
22057 27505
17001 79634
36321 295
30717 872
26359 63
7126 14
63901 581
6979 78
30131 81
29569 96
24985 35
99077 944
6575 28
22776 4
68961 5401
68521 579
20003 336
90266 43811
70407 8
876 20435
19221 38
95015 29188
15038 58
16893 6
20012 30
50901 899
21982 46
31388 97
30904 75
19329 941
31894 92
78953 991
16113 946
94917 96576
25442 94
