399
24380 4
11042 7
7191 2
691 541
785 8
7745 5
4379 4
543 8
1 11
542 4
161 1
809 4
351 2
24333 2
817 681
1736 6
251 8
23245 6
546 1
259 8
24852 6
5688 4
29641 3
16717 1
793 305
341 817
16796 1
25 3
227 3
1257 7
673 606
13961 8
31049 5
12031 1
787 121
15775 3
16466 7
61 8
381 159
23464 8
21126 9
837 1
23458 8
9 7
960 5
69 3
849 4
28581 9
10260 5
486 38
24095 2
360 515
957 6
769 461
8975 5
32684 7
32056 2
28532 7
431 7
210 1
22346 9
221 913
18811 6
265 913
260 5
739 671
32376 3
3335 2
23007 9
16618 1
841 113
929 693
26264 3
621 15
17804 4
417 3
366 2
161 472
111 1
41 473
23863 2
5631 2
176 4
31564 3
21915 2
15480 2
26589 8
22365 4
932 3
19055 9
1 5
28674 4
3626 1
21 793
9576 7
335 5
20506 3
28498 6
22291 5
2361 1
117 5
15090 8
1469 9
31107 4
22076 7
91 6
413 4
633 7
27983 7
656 7
19636 1
17 2
710 3
3997 3
953 929
15544 1
893 8
806 4
15141 2
32053 8
31939 1
850 4
155 705
616 7
17064 3
31581 6
921 5
16715 9
841 4
467 1
412 6
801 9
17 6
7804 5
634 8
1456 1
26827 5
3925 1
321 5
649 9
18062 1
11189 1
10897 9
3227 4
3595 8
24129 1
32612 1
18761 9
448 197
33 9
9131 6
993 3
13614 8
13854 6
16209 7
9250 1
32377 1
28483 5
17183 4
20314 8
465 1
291 3
9 9
3483 8
10358 7
23048 9
611 2
615 9
19933 1
24237 5
538 293
4050 6
25065 2
17922 6
566 4
978 876
463 4
26581 8
221 8
14047 9
764 529
21797 1
165 5
746 1
941 127
369 6
27015 4
85 3
14583 2
981 1
982 2
796 8
19397 2
41 5
49 8
408 8
576 7
2740 9
376 8
23817 2
53 2
207 5
785 8
27136 8
1495 1
721 8
3861 2
6445 8
2167 8
773 3
309 2
31051 8
717 1
625 3
711 1
923 251
19781 4
961 9
10622 7
13163 7
29672 6
290 987
8367 7
161 4
11456 6
697 9
29387 7
569 7
30959 5
11350 6
882 2
17139 5
15874 4
799 8
7583 1
21716 4
17481 9
2330 4
24523 1
14801 7
19539 6
31793 5
19270 1
226 6
27 2
71 5
1003 6
27336 3
765 237
10175 7
15243 2
30935 7
21337 5
20452 8
689 1
49 1
405 411
849 1
6369 4
147 499
649 1
32538 5
681 8
4092 2
11830 5
26394 3
19131 1
3083 5
2884 3
425 2
686 2
16801 2
18621 6
23254 5
881 45
807 2
821 9
541 8
319 4
20231 3
391 2
461 725
65 1
32122 9
14948 9
12005 2
596 8
11692 6
12080 6
37 2
508 401
41 167
13 68
106 669
7921 8
81 3
24830 1
395 8
641 6
409 761
31966 1
32276 7
329 2
21273 8
971 3
1 1
3289 4
9645 6
32138 3
29808 5
12551 7
896 7
15433 3
55 140
20262 9
991 4
501 529
835 541
24736 3
8873 9
950 8
23307 8
429 7
287 7
429 6
29908 9
894 6
969 827
2685 3
23835 1
24397 7
6541 6
1 9
841 336
6386 3
268 649
17592 8
31302 9
236 907
953 6
99 179
25986 5
16613 4
15492 2
10292 1
7349 7
14565 5
16180 1
10072 7
30786 9
32336 8
12740 5
357 2
11283 7
65 3
26563 6
825 2
28689 3
23283 2
462 235
707 805
22394 5
19338 7
28709 1
22527 6
24254 8
279 2
15804 9
797 5
23415 8
415 2
12466 2
105 9
20603 9
190 2
969 928
635 7
139 6
27458 6
485 401
25 925
19361 4
776 351
603 5
821 799
20173 2
5546 9
661 4
7 299
686 4
688 5
661 7
1884 4
296 7
16251 1
411 7
977 3
251 8
29087 6
