5652
7877 91
8961 805
8509 1211
6978 8931
7786 969
28427 10
21678 7
13080 78
1741 7473
833 824
5001 444
17996 35
24273 82
23735 31
9695 531
4294 854
5145 8221
5221 32
31234 59
30058 87
7809 981
146 7931
4187 31
5951 212
5803 59
235 904
5795 8145
2281 990
280 8
3533 7309
4161 56
5250 617
9581 99
1375 19
25964 85
5664 81
16675 17
10119 3
9653 70
2883 4299
19693 29
17999 50
7074 6341
5743 4441
5408 146
2736 978
25086 42
3069 457
2331 330
24972 7
17753 15
404 2643
5311 380
5097 950
10124 13
10492 57
7746 261
7489 4575
8543 22
8042 38
889 281
8082 892
8298 73
5663 731
31145 93
1049 849
28833 36
30966 72
1425 181
7566 9961
5013 444
31194 30
6267 599
25944 3
4351 163
9584 2192
11295 16
19021 84
20614 99
29328 4
30347 80
17537 55
5182 31
11618 63
5716 1785
1006 313
6129 75
26619 28
5319 172
25612 95
3953 2119
5457 7286
31186 27
8945 22
3201 37
7497 977
9076 97
1540 677
1385 763
2491 9843
5967 961
22427 21
14584 42
6641 391
269 461
411 9553
26109 8
8923 901
6753 82
2420 6425
12282 68
14594 68
4215 454
7931 705
9021 459
1151 259
5187 95
16643 18
8995 81
2997 413
6547 62
13312 68
685 479
1149 651
32484 77
6058 574
25594 58
1452 25
24901 63
16867 18
1201 4928
4081 150
9305 881
6701 971
24623 97
1525 78
28017 57
31805 2
9397 32
2089 8135
5849 2561
3088 22
8823 38
3565 1553
2880 84
17890 18
17607 95
26578 79
8902 39
22443 68
12404 77
1626 978
31921 7
10010 97
4618 6605
2091 4535
1831 5129
2824 4
6782 19
4196 26
9833 6489
8529 858
21945 72
789 71
6621 594
25445 25
23033 7
31815 60
29698 72
6831 841
24096 90
5865 520
9863 541
9457 488
5280 85
23844 52
14306 7
3067 2299
3253 578
5205 284
8193 1073
12642 16
7280 98
6505 814
6507 307
5030 34
19133 93
20561 92
23433 30
4202 73
22223 67
1349 124
2070 45
8309 85
32102 66
27955 84
18239 4
5037 842
3989 489
2422 3
1774 49
8925 570
30037 49
5439 465
6795 809
21946 78
27727 56
24612 80
8161 39
6401 713
9248 1
833 9827
28972 5
489 2
12642 46
5617 8569
2411 27
2801 691
1095 104
22655 74
7496 78
26077 31
8649 849
22261 93
7322 64
24387 86
1476 533
10519 70
32152 68
10632 76
4050 82
28926 55
11883 1
8139 275
4617 19
2126 161
5797 333
1213 811
4591 595
3052 76
2405 696
3547 1
14263 18
9685 68
24871 69
2139 437
3845 746
1247 612
14985 34
18717 46
604 609
12180 74
56 344
2461 176
28225 29
24039 5
2203 699
9681 102
5217 241
1401 7743
1841 2451
27780 16
1768 270
7481 8673
3203 86
5281 794
8361 9469
6886 42
5406 161
22501 73
1665 879
15998 84
6904 64
7638 23
12564 62
233 194
14125 82
621 570
9561 69
1251 469
839 98
29563 24
16197 44
9533 470
2866 482
6597 63
7545 670
19933 4
7739 508
4814 871
12517 57
3431 68
3793 67
311 3339
5697 8993
27777 99
23029 10
9313 183
29639 31
31761 37
32711 8
4961 166
577 480
5689 185
3329 392
11639 57
28665 77
32504 21
897 9625
20477 87
32673 43
1618 25
14437 3
17142 23
3137 68
29520 22
13015 92
27484 74
6298 30
1543 460
6691 7429
306 454
11045 2
2381 26
4949 6326
8674 19
8710 7915
4780 283
8885 572
8201 172
6615 93
23484 62
1530 56
9159 53
3136 31
8431 76
19698 33
8289 343
2242 7201
2778 24
23941 27
18024 29
2194 9038
29624 63
4990 78
27948 86
1521 33
11428 60
253 9993
13149 30
6804 298
10245 98
655 6617
21565 57
8461 4631
1691 4034
25 70
18350 24
3835 3
492 16
27621 96
504 15
7516 28
4972 206
11363 94
9237 1161
29679 11
8763 221
9271 2
29635 7
9401 446
9499 333
3675 1279
9047 38
14050 68
9029 308
148 7481
163 305
9051 7073
5639 62
8093 641
31422 97
7435 593
4801 806
801 958
13434 9
1904 2
4591 805
3373 379
4901 9809
2121 94
9381 41
12396 91
23131 21
20823 84
30035 30
3956 73
481 690
26405 30
8361 4505
642 859
241 301
481 408
369 9475
2889 89
11297 83
1493 396
31887 14
7249 749
14026 26
20614 97
3286 4687
19505 40
1760 4293
3455 63
26437 51
6617 949
5651 439
1870 13
21661 88
28084 28
17715 50
8381 33
200 73
4001 601
25628 11
24823 96
17997 96
8566 83
4758 24
28703 67
17303 86
924 10
12069 9
11786 58
9261 751
121 5825
26107 48
10586 29
6586 9203
5413 12
6237 8389
8785 673
11260 55
6872 32
27489 39
32153 1
6268 90
3125 86
17554 45
2359 973
31926 5
4225 172
23538 71
8723 567
11878 99
3495 387
14946 8
8071 9646
4101 9803
20569 42
9817 47
6410 903
8465 91
4685 258
4334 485
30332 8
9251 655
21591 22
1280 57
2993 32
2612 79
21920 82
3303 960
8605 929
8164 831
17903 76
22308 2
8485 564
4679 56
3921 283
2957 222
7933 307
12695 96
4014 868
32388 94
3488 4009
25431 83
12140 24
9741 3220
9431 573
12669 18
5041 149
16703 68
5542 36
23968 96
14895 4
7326 21
8522 64
8211 259
2785 105
1239 277
20832 49
21164 28
28689 61
9681 26
9821 481
22608 68
436 247
7813 633
3575 6043
29162 44
3778 6207
1757 155
4186 4
1508 45
9180 46
3781 76
9859 474
8705 9185
30677 96
4420 4985
20171 61
8009 201
2067 3441
22622 3
1583 231
6071 398
13096 81
8220 83
7322 574
30661 12
21366 23
6019 24
28173 47
9392 91
10158 18
985 969
8541 2293
617 281
1801 167
5793 371
2436 56
2217 815
1613 74
41 563
20787 76
27836 67
4221 723
7986 88
27762 19
9761 7975
6333 153
19950 78
3284 13
7412 986
12018 54
26297 11
31658 38
2316 231
5287 887
19065 67
9009 565
1445 988
23627 94
22056 95
7776 610
4811 1627
6056 2817
23287 75
9009 311
28250 53
26856 8
13807 28
4431 9369
6907 69
16605 14
29342 20
2233 20
7333 62
9041 466
9178 832
22491 51
16540 28
4101 405
10393 11
4958 44
8825 228
726 90
16701 57
22457 44
1333 795
2590 15
414 89
14104 10
2737 427
4369 899
31778 22
281 407
2640 29
4013 921
1251 436
9107 391
32444 83
666 43
5346 7755
21068 75
24541 74
21080 31
2505 30
12274 63
22950 1
18137 60
1007 79
25129 39
1653 6052
11764 4
2653 49
28390 77
5880 98
3018 285
23140 36
20392 5
18631 2
4877 263
5105 590
5271 896
17676 73
27569 90
1037 3279
10153 87
6829 317
5813 120
5102 202
15478 73
32039 75
16191 79
7503 237
26786 36
27855 6
6897 422
1217 524
1181 5102
2186 641
15691 97
11804 81
9361 978
3285 52
1864 122
16716 8
9853 67
13817 46
11429 15
13326 46
3057 651
9271 618
26637 3
8098 57
1231 75
5881 5521
1036 756
5894 17
23631 12
27016 79
7657 354
14233 20
6133 9451
4856 209
32466 47
14042 80
8369 65
7802 4911
17155 79
20369 66
5766 765
4949 785
25318 40
32282 49
1601 499
31136 4
2916 76
30524 35
8964 1954
2274 82
12600 35
21945 66
3861 827
2409 85
3457 8946
24937 21
5359 623
7777 587
21993 53
6185 291
16028 32
8797 740
9857 9069
4633 414
5400 16
1735 8507
32395 55
4601 4470
7233 4
18339 10
7675 42
2310 447
2580 12
4328 1601
5327 9
16818 57
6651 1131
2289 546
32078 66
2737 830
2090 25
32631 30
3328 3
1953 7953
5485 227
15352 49
6005 86
3923 793
7250 70
20164 36
27650 87
9961 32
6721 417
29108 6
2949 270
3118 204
11235 36
7297 74
8026 93
10673 47
15253 68
417 774
17758 68
3144 380
20677 23
5536 224
14080 70
23912 24
6567 587
30213 16
1810 308
1101 17
2099 279
27817 35
4842 1
27525 63
30765 65
17851 29
421 630
28723 34
8626 988
19524 90
5966 172
7781 861
6452 381
10344 58
4322 433
26785 52
7381 4125
14476 64
5281 345
10007 40
17630 21
101 597
15949 67
7799 363
7312 182
7357 795
29811 72
2089 1841
17979 40
2845 4193
12694 43
6081 926
25046 87
23230 88
21200 1
4577 1729
15787 95
11462 79
8803 54
16324 95
8669 4569
1133 37
24673 84
6071 944
5931 9647
9227 779
633 590
3185 679
26795 36
14868 72
29925 55
2045 556
4002 21
5510 40
22429 53
7943 23
1039 352
251 705
8235 8701
5425 533
26344 74
2569 6093
27209 71
13390 88
918 53
11447 61
9107 817
6151 566
7951 1706
1076 422
3401 777
4243 733
2705 450
17105 94
3281 480
19829 95
2947 146
1677 99
1496 913
24684 8
18317 46
8675 6641
5504 73
24641 6
19503 70
19184 63
17653 82
3584 8751
18364 44
28354 48
28632 40
22660 12
729 946
419 77
3534 68
23225 60
8601 5767
7340 89
22871 56
5585 181
4238 185
12076 59
29967 65
9657 586
1836 9801
12587 72
1009 66
1440 38
19183 42
4533 643
13335 68
23164 25
9221 644
5713 112
7325 527
4805 1540
3781 2465
8641 746
7643 33
465 178
7793 589
1421 136
5201 6
1211 9
351 642
5897 619
2301 325
6877 544
8687 66
13075 52
7419 434
10 90
8437 170
22015 87
9636 461
2597 195
3571 68
3809 715
13182 67
8956 930
16222 30
25164 13
876 685
4903 976
2427 292
31069 17
18797 93
558 7601
17266 45
9743 5841
27560 19
2987 510
14210 74
14956 73
4967 191
13440 99
4541 465
19201 67
11356 93
8961 285
5835 15
4695 788
8001 60
27059 73
5593 398
3661 8151
8981 121
1559 728
28208 40
31375 54
22840 29
6350 26
29553 55
9761 421
31808 21
32617 74
28417 40
4409 34
6489 14
1121 505
16956 61
31168 15
5105 507
8302 9087
3148 93
3659 97
30692 97
30730 3
7201 328
4331 752
4823 923
6453 630
9406 3178
225 887
25667 75
205 284
8141 6398
9036 575
8205 3867
11780 77
7781 371
2313 520
6208 97
9461 222
27174 60
34 18
5411 429
2696 7162
8627 517
30408 78
29403 61
6210 669
8201 308
2896 74
16046 9
14109 2
2593 262
4065 447
5310 8689
19770 19
25950 67
9238 518
14325 64
1971 48
2108 80
15061 28
1593 268
8023 832
4949 90
19626 68
32747 12
16305 65
7517 9091
2915 368
1498 92
24019 12
4805 175
96 43
1265 883
22101 17
3891 230
8381 9633
4254 575
13389 55
17214 96
757 53
4533 3793
5567 520
9211 642
7012 2005
21131 63
5296 69
5991 905
1460 418
3281 343
10374 40
2349 6198
6982 58
1244 99
2126 492
28282 4
10566 83
2901 182
25390 79
9981 327
31040 70
28421 4
31473 30
15479 43
7617 62
8469 4422
24617 21
5417 295
23538 72
12770 24
7276 1421
16437 64
3079 6946
1221 129
7276 8967
276 15
2498 79
6066 963
31500 32
2285 51
23377 86
26878 10
21852 9
3341 428
29699 99
7919 96
16726 83
2297 361
1537 8141
5905 441
1613 14
32562 62
491 117
6580 6501
23725 78
12160 71
1010 62
8405 103
4992 447
5084 601
5361 560
1897 68
22850 26
4318 15
6221 60
8916 420
1439 439
5794 612
24383 12
1627 6397
4598 711
9101 582
24408 22
6174 1851
5661 5321
6767 473
31620 54
21359 49
4560 932
7396 5323
5557 353
25852 48
1249 5
9217 377
1371 8480
26310 54
9369 44
2891 289
8081 951
4688 845
31710 86
28891 49
26298 35
1499 730
4692 78
27898 13
17376 12
3601 4033
9032 259
4107 52
7921 379
26631 27
27003 92
12378 35
7878 54
12129 54
4612 59
7987 574
2977 907
7939 373
4685 26
9631 964
1897 777
4236 742
20268 20
12324 74
8341 984
16727 92
1649 472
3403 43
29225 16
3834 727
27854 72
175 699
25082 8
27523 45
6305 524
9426 268
15445 43
1913 4
8905 9951
3078 65
6755 554
1039 697
15446 42
571 1199
6067 26
5141 180
3805 5935
5418 33
1650 18
3710 2709
13418 61
2625 6222
6661 283
8911 997
4711 401
9569 874
7151 564
22872 63
24440 53
26694 98
1643 74
13298 65
8074 63
7231 654
29588 36
2111 777
2915 24
17097 38
19072 79
6189 84
6721 432
607 50
4776 22
9841 7873
17038 56
6369 786
5824 1781
3825 421
6811 395
7351 375
781 454
2775 8945
2296 9093
8424 8091
8771 587
791 11
4702 986
14392 35
1019 82
25551 44
31645 48
26351 13
24568 9
22484 77
3089 226
14305 57
11663 82
9387 8745
27728 14
2363 26
15408 15
5860 452
575 97
27965 8
31501 33
16299 44
5437 932
2492 10
27686 52
17654 55
6891 940
11451 82
1276 335
18405 50
1405 224
813 30
17500 19
91 604
22497 67
28666 28
25250 5
4225 404
10671 15
1766 171
28089 27
27819 73
9975 915
4093 841
26562 28
21196 94
8267 297
19743 7
9280 757
11937 86
1614 33
6766 841
1289 334
4143 2
22823 80
1081 137
8073 1
7998 995
6179 54
3673 137
1737 4860
3511 325
4171 78
2661 745
4549 376
841 155
3406 809
14766 73
24362 46
2829 402
14657 47
9489 200
6191 39
6993 1177
21106 50
13771 85
3812 171
27778 50
13126 49
32728 2
5649 894
9833 96
26282 88
4449 7821
4005 35
5253 64
11158 80
4135 7380
3310 26
2401 7181
1634 77
8747 4707
3817 3221
7765 32
5057 7137
10325 32
15399 60
23834 23
1721 145
930 9
22909 59
19342 91
19654 4
5989 63
18960 37
5571 112
22995 92
10499 13
4817 823
3117 192
24482 64
6511 753
2191 8685
5551 8401
12047 73
5259 399
32656 59
481 814
1025 135
9953 1
5399 7105
3809 6667
19834 30
32206 69
9595 5771
1040 658
6441 1276
5289 259
2705 651
9743 68
11068 43
86 18
4061 801
2265 221
26091 57
5489 382
4613 42
1505 185
14848 24
22469 1
3251 779
23204 36
3315 364
28626 39
9735 15
9580 785
7089 728
31608 64
17902 25
5229 998
18570 5
5346 2049
20462 33
5831 1041
433 64
18057 41
16168 47
2313 9
7153 53
1071 41
5355 612
13513 83
22908 99
16792 75
7776 99
6331 653
9163 2
986 2
1316 395
16388 79
27423 84
4002 931
511 444
3379 2553
9361 165
9606 326
3269 3809
4854 72
5176 731
9845 3019
31533 2
30005 40
6943 982
6089 5555
28492 48
17263 89
9769 166
103 17
1429 9319
26195 89
18084 3
31686 41
5724 46
1977 460
23425 32
9787 726
2761 8666
28296 25
20577 13
6091 30
8256 17
7327 252
23937 44
1640 73
19264 90
10955 69
8359 3355
6729 2001
641 623
32265 14
1005 483
16478 80
12119 47
7389 12
30074 28
9823 385
24463 4
24610 97
31191 44
7471 97
20490 86
7753 6
2509 318
12738 15
1465 414
1745 668
4945 935
8961 834
6461 642
5920 721
24480 74
5953 938
8008 613
20249 93
861 1866
4576 195
7803 973
3591 101
182 54
258 83
6401 5943
30551 90
781 380
2093 565
22388 66
23961 42
525 63
3045 641
23127 72
7439 76
5369 26
6857 563
8231 682
21955 13
25401 56
5646 292
6725 188
250 933
9901 9543
966 566
7078 1848
10811 54
26562 25
5001 92
4708 638
1601 926
2721 55
30912 39
31221 11
11881 28
20163 89
10302 60
7935 60
10917 95
289 32
25544 77
9272 669
4946 745
8713 156
25043 27
25798 58
6091 457
7281 170
5015 8001
8595 14
12150 21
1847 87
2130 50
20648 47
15856 10
27109 87
9549 48
12322 3
24121 19
1575 7579
9751 406
9057 2541
8393 1451
293 7
9594 8011
12684 14
278 44
8001 9009
6137 4451
8863 318
7289 300
20474 15
296 8521
18553 27
3633 104
1118 3
8609 6
386 601
4081 92
6147 17
4751 93
6850 814
2676 85
22554 39
1969 8175
5778 905
27883 99
8559 5361
23222 10
5594 669
11820 81
29335 94
25389 17
28934 89
3281 8022
16098 9
5181 7480
5420 11
15124 94
14996 18
6096 888
5676 26
15051 2
17458 93
6777 6387
4225 865
6725 822
9671 535
17725 54
25057 66
21133 20
2351 5232
9763 310
3409 23
15796 94
32034 67
987 6138
15395 27
2993 7095
7018 825
11141 1
1090 12
9341 3649
3793 1301
1760 87
9861 8
4741 269
20783 73
25229 38
663 146
7689 50
30530 83
5719 83
4501 2131
401 254
805 442
2887 319
24731 39
3155 715
6617 401
3666 914
2775 9
18695 30
7481 360
3487 16
4223 1241
7908 45
6321 35
30785 91
23888 62
9194 120
7654 561
7037 801
9277 14
5223 418
2369 4021
7251 5176
31882 91
14880 97
20881 76
23746 46
1606 627
30547 58
20294 45
6737 5321
4473 4
495 472
8655 2
29715 36
409 85
8515 18
6369 3551
7953 971
31499 75
6315 6178
3317 807
24409 74
3481 226
13657 83
32093 60
8261 331
5947 116
5860 988
23596 56
5293 383
31877 63
22787 28
28347 28
6206 5009
12990 71
9259 427
6281 7330
4546 614
2139 88
2226 900
26121 2
7771 5571
52 7816
1785 13
5769 130
7798 3421
11178 92
4231 507
1589 5491
25837 54
10814 90
4257 419
2677 394
9745 891
8177 85
17826 66
5651 9425
6399 8161
26246 33
9058 846
2 955
13565 69
15742 72
4514 956
17066 86
23266 54
2519 21
8263 4527
31809 98
5585 382
15109 53
2397 9621
31454 46
6143 2889
1857 193
26504 84
27291 71
9225 860
32575 30
29737 56
13886 88
31727 62
5463 89
4369 628
1272 700
4531 1009
8941 1143
9501 111
25202 13
22761 6
3141 467
7629 582
2321 149
7789 766
23364 46
1320 978
3627 61
9310 41
14978 57
6161 396
3039 56
9269 912
7701 6817
8271 245
3255 5
24070 37
2129 312
4982 663
6925 5192
5517 31
13453 12
633 447
30304 35
2383 9076
7655 858
6187 2979
23868 80
3371 692
4885 485
2238 949
4265 313
8395 597
4379 6179
16599 68
25119 3
6678 330
4793 536
13578 63
236 384
2981 283
29700 4
5913 27
6439 49
7919 7616
665 6281
26318 41
5625 40
9514 19
1045 2025
4125 9893
5832 8751
221 76
8211 585
6343 5861
4434 44
10179 79
20893 40
4669 9067
3415 47
2223 29
6765 7925
1121 8401
6731 179
26545 93
2761 856
3526 705
28579 74
25155 12
11759 35
27577 14
9593 291
20920 20
31358 25
2135 554
1312 7
27388 35
5430 68
8050 656
11917 74
7298 67
31934 53
13462 55
5941 413
28809 59
2543 248
4449 212
9176 6635
6203 79
5933 4300
6088 10
1886 916
4867 620
7288 229
27114 47
29597 18
2473 3657
8500 775
22539 18
6407 1805
3032 819
24249 76
7761 7298
1785 5101
30714 8
13545 88
4626 948
1009 16
228 289
705 751
7271 523
5428 89
611 4321
3888 797
4451 6406
15654 88
150 43
6805 896
749 5041
24719 97
2177 85
8030 8430
24732 98
31349 83
16479 50
9481 149
15860 26
3093 218
8613 413
19038 2
17425 82
7641 99
27835 64
18021 77
8247 903
5121 511
1649 5649
28539 85
28424 78
15093 31
4297 259
25717 47
30425 78
32397 83
22669 23
30447 28
27929 18
3122 17
3527 711
16350 54
32721 45
7903 661
7611 932
11204 67
26572 32
9265 531
16363 40
2146 6801
32605 22
389 874
3751 16
8504 8801
18835 29
10754 52
2151 377
9612 86
23217 41
6880 7778
257 1825
1297 62
3553 6682
2253 708
24709 25
6097 6541
27683 86
1009 607
14488 14
1625 8023
1441 999
7683 116
31309 95
17141 72
8899 459
2011 141
7965 5741
5653 307
1333 81
18306 77
1761 5427
6623 25
7726 487
9166 2942
2106 692
26765 43
31067 42
4236 20
1772 286
2754 8057
19311 23
6598 70
22074 73
5701 65
12611 76
26708 66
15188 94
2754 463
12855 52
4428 948
2157 44
401 55
405 278
22394 50
25802 29
2947 556
8641 59
3051 79
26489 14
1605 390
9473 297
3717 8
8544 730
16857 93
29422 11
7697 2891
3865 519
26178 70
6940 573
16295 10
2606 2
15180 58
19989 83
8396 9
6219 74
4773 36
9263 865
21779 95
7170 75
12726 27
2513 729
2364 49
12191 91
4711 274
7713 4357
8261 751
6558 2280
18929 2
21203 62
2985 677
5763 9
4569 300
1436 33
9857 566
4662 3160
2155 603
29363 86
4513 835
1677 929
26456 46
2271 135
19596 94
4094 841
4754 5573
29625 73
14614 29
4351 6881
6728 826
3790 34
6455 495
7146 607
6815 10
3759 2579
15944 33
3482 6118
1469 61
10478 10
2401 732
6473 7031
21953 41
27980 44
25724 59
8416 603
12839 15
2685 3321
3693 796
8207 5
5306 4003
9607 92
17434 72
15061 69
20576 95
21920 83
31635 1
16508 8
14401 43
13329 6
3401 91
6841 745
7507 168
2427 11
9406 3551
1041 5661
12128 6
16912 52
6501 964
4595 709
22975 76
2633 7563
27823 35
5437 6609
7221 4
2465 5141
29820 17
6940 3456
1249 337
3861 297
19824 24
10624 27
2388 69
9991 862
3481 6961
6118 738
3457 2690
4801 77
19387 43
22184 82
1048 677
4109 52
1883 1674
1944 80
971 4121
4398 201
9409 762
9509 351
6 2535
2485 56
6287 97
30516 56
4102 361
3828 399
5057 2171
2682 10
3700 615
785 959
12086 12
28116 38
7521 231
19727 1
8381 651
7811 881
1089 756
8142 29
17817 89
29492 94
15826 69
28672 8
9746 1761
17319 79
28560 97
8983 596
25888 38
30367 13
1387 60
9860 3143
2557 771
16462 17
9601 20
9141 18
2041 4237
3336 586
7425 608
7957 2396
15258 84
9701 788
4692 51
7704 22
1791 90
437 336
9758 8
8809 690
14796 52
24445 57
13031 65
9853 4921
4628 383
4643 447
11770 10
14782 5
3417 4561
3262 353
10005 68
20604 19
14638 32
19172 79
25570 26
18372 75
3450 66
8245 696
10966 35
5377 3701
17336 33
7634 662
2767 97
31217 23
6626 444
5121 2865
9361 642
6311 7617
23843 42
15847 28
8305 270
24840 16
6201 1425
15664 92
27852 53
8434 9
26731 29
15357 13
30324 62
9383 15
7519 512
1749 527
7801 4976
6809 14
1945 34
3573 178
32269 51
4260 9161
8997 444
7029 8360
7833 91
13521 92
17794 15
7647 769
4041 953
24592 19
19509 63
4388 17
3011 10
11718 10
8987 41
26245 16
2439 99
8843 113
21305 64
3687 3097
5601 344
2578 106
8582 1
27179 29
14834 82
2697 213
25279 76
16757 4
30159 58
8635 99
2500 18
20173 89
2269 2261
6033 172
7266 50
1877 580
30861 56
10003 59
9465 50
11835 71
6750 151
30498 40
18189 80
24537 4
3735 87
29818 35
5596 63
23170 38
7617 481
17656 66
8046 4926
6465 21
8429 11
4466 791
5490 23
3501 271
25507 42
7277 11
8751 486
2169 98
21966 27
696 79
4924 46
12808 30
26967 51
25365 23
29763 53
1729 861
25529 39
14249 79
3731 32
7319 799
4664 5675
6774 292
131 89
32344 52
4124 59
9633 107
3291 677
28760 22
3245 699
6427 130
22695 29
23579 15
5921 7455
20931 82
2641 596
23552 54
26743 22
3981 970
2695 55
2293 9389
2898 9036
6743 8975
24703 56
9073 751
21694 86
4164 67
29642 39
11199 10
28865 83
3527 258
14237 3
3896 15
2968 3945
28669 60
6639 498
1809 165
15796 4
12062 26
27638 91
17264 20
578 1
20230 47
456 1249
12246 77
9876 5973
8645 237
31235 80
22692 59
1991 585
2553 385
28389 52
2503 695
9462 64
3131 6134
8097 189
9604 177
1767 733
18777 79
23895 67
2047 54
9313 409
1312 625
9521 762
1170 722
17661 36
639 862
23688 29
11518 82
20719 47
14322 81
1421 2501
3384 7396
7581 83
1243 789
18141 7
9953 305
11079 19
31887 11
4481 103
8268 54
1571 394
10881 68
1265 177
4759 7101
9119 4929
24545 8
27945 32
2031 693
25781 76
9019 373
7589 85
4597 551
18648 24
3888 45
446 2737
399 18
15236 63
3808 2
5840 38
529 910
13330 80
4486 267
9220 230
32656 13
5584 909
3663 3352
32362 71
4782 86
1706 3501
2291 265
7509 477
10654 86
4841 362
31381 56
4626 3252
24139 30
3249 87
3021 95
3365 117
5879 113
4049 172
6046 83
6015 380
43 561
11675 62
17560 52
3361 89
16403 18
3484 87
6667 320
18473 32
29790 39
4846 3790
8807 74
4197 998
22657 40
6531 972
24115 28
23507 62
5855 57
14114 16
32566 57
8820 606
4271 405
1866 766
27351 41
17817 2
14385 39
8622 48
9698 62
16055 93
4455 680
13124 57
27074 71
2887 73
2877 189
16319 62
234 86
2556 160
3793 239
6209 697
8754 916
23233 16
14897 32
2994 59
6257 67
15837 34
28167 21
2431 801
567 23
2991 89
5681 490
8020 484
6649 956
28728 64
12435 35
18381 93
4799 697
4881 447
20169 26
8049 3761
21088 46
11672 63
29347 46
11580 34
20846 1
9100 234
2264 65
29621 28
11649 12
32756 69
25 4769
5325 33
4116 9
15793 1
23910 11
6502 5665
20117 90
5825 278
648 42
20795 93
6101 342
24028 3
20659 42
9505 577
14875 32
3381 792
3231 1161
10322 74
30436 32
12992 94
489 16
1193 8838
9777 720
3366 475
3971 1229
6837 294
5741 566
21703 52
3124 1549
17497 25
8660 50
2537 3670
1464 29
3724 7309
7491 5637
322 87
28063 83
27560 46
18818 10
13418 29
29688 33
27301 65
32652 73
21869 60
7311 3435
9789 682
9091 67
5082 42
5101 887
6533 542
15108 77
7367 6816
8081 790
15361 68
4449 66
22861 61
9557 9041
27744 48
4281 850
8806 908
31126 8
3485 7306
9885 213
1206 48
15044 30
18596 15
9130 419
2081 246
6130 147
9351 5056
10042 35
4935 32
7565 850
7425 625
3501 438
13981 47
997 14
6754 86
24010 2
347 68
10084 44
6662 42
316 65
1329 8377
5137 1553
6403 72
24073 85
6665 510
8301 946
6105 979
16015 2
7531 89
14081 86
23488 80
27335 11
140 270
26904 7
1140 99
20745 36
229 325
825 988
3000 70
4617 87
32252 40
157 9
22658 84
16969 19
19778 97
2794 573
6718 963
4015 1
6645 3330
9635 278
3601 654
28684 90
3600 13
18270 95
8433 512
3166 6675
3626 377
3281 70
31238 60
15216 11
5046 1801
9771 8464
2349 95
14621 1
16356 25
4467 127
18989 38
5901 867
1053 38
1466 93
7641 962
9903 611
8081 931
17916 71
9689 76
29309 81
4121 651
5231 887
718 220
8721 3701
1529 267
9345 39
23974 28
25357 28
30306 34
11024 67
18006 28
26013 41
6513 976
8771 451
551 660
23095 34
10746 26
18753 17
27711 9
773 649
2644 929
1259 731
321 706
31795 65
5151 2312
17505 82
24625 1
81 864
18849 79
761 591
26175 10
28092 30
731 544
9684 39
1085 902
10136 80
2712 43
23983 93
7139 669
20305 7
7472 8015
5114 483
5025 577
13479 66
501 4329
29740 53
24630 61
23253 31
29440 77
8059 280
2702 422
3337 921
8677 10
9827 786
7560 794
19404 72
15832 73
9559 34
15883 7
19304 13
8491 796
7479 56
12092 84
8655 7391
13811 21
8941 609
6865 61
25205 19
4001 132
6971 673
1515 36
596 5173
18116 27
9549 798
3372 845
321 289
2801 786
3937 188
24917 50
11581 2
8083 6927
24946 81
1865 6961
2407 230
24208 25
3937 347
4225 1126
6229 131
12235 50
3803 88
871 44
5347 1869
29127 2
4066 98
7941 23
4786 710
10680 9
5963 49
4451 493
22471 87
8315 914
1149 842
1681 228
3101 960
1143 78
7650 167
4706 97
17340 56
26348 5
3226 6036
31601 31
12321 37
9611 79
10665 44
4545 867
16429 92
7155 97
21248 2
9368 24
16384 75
30702 39
5726 791
931 37
18481 1
25624 97
8201 42
9761 615
25587 98
1180 45
4891 5104
113 325
7051 66
16437 86
507 780
4231 311
19408 67
5505 8241
19602 40
971 175
13701 19
14845 77
23564 15
4843 27
453 75
3723 3036
918 28
7333 64
1297 612
2585 472
9501 465
27955 77
1283 5917
4765 2081
5773 862
28018 48
10172 67
1506 476
18801 96
7112 46
30981 69
1755 909
15108 71
5161 8513
6609 87
15037 34
286 682
12798 42
9825 523
4996 13
19246 15
18358 4
5861 6241
5031 8474
28726 32
1384 24
7721 1609
27711 94
1047 401
25464 9
30370 20
13241 33
6607 535
7305 470
5686 918
30520 17
7245 421
23817 17
3601 850
2552 544
10691 59
3143 44
16871 27
6953 15
6426 73
30504 66
689 515
10446 73
8935 4241
2641 726
2617 36
24275 56
3201 731
24984 66
317 501
15786 79
6530 780
4965 90
24277 89
4966 633
32576 16
9456 2351
5058 360
4679 500
11194 5
2921 786
6379 7909
609 746
5743 520
846 487
4910 72
7677 91
20561 94
506 674
14660 61
5791 363
10619 68
31583 30
3975 542
17445 24
32738 53
3537 6633
16225 25
20414 96
7682 53
9991 895
1169 689
8604 82
9673 17
4571 3257
15333 18
3887 5
3793 585
9006 645
587 178
5096 496
22350 16
31171 47
6537 220
9332 33
10835 42
57 102
5783 833
7345 170
27833 69
1333 27
4304 533
22272 16
8367 2690
12980 8
6501 61
11344 5
13386 26
5989 57
6647 66
406 861
23902 70
18478 88
3960 787
4129 66
2403 2569
5971 302
30885 31
24530 85
4164 668
8276 2316
13248 34
6290 51
3049 233
18602 72
6201 300
5763 4893
19521 32
3414 35
8526 3161
25735 46
21248 91
7241 735
16916 42
8301 76
17936 9
5394 16
8786 76
23404 14
8468 540
19453 88
26450 34
30344 58
8961 912
6001 59
1730 992
4981 89
9405 378
21521 36
25552 3
19697 85
1537 9381
726 19
28862 86
9041 828
3751 163
5519 85
585 650
14924 10
6970 211
29142 1
18074 95
10317 51
5034 73
4291 709
4732 19
11373 12
2401 197
27340 59
23480 22
8571 277
18965 60
4228 9963
9695 760
20166 97
1152 93
22486 69
3601 9166
5672 49
9489 430
3642 63
5350 98
5166 7775
30768 43
1773 484
26619 38
30127 45
27318 84
4688 85
9265 59
10907 18
1425 27
30282 75
22376 71
20232 54
1820 581
2427 329
5701 729
3115 60
16651 78
51 319
22084 65
19478 1
9491 433
18727 86
5686 4821
9667 52
6694 8
32203 50
17907 83
5068 12
9491 346
2079 729
2066 496
29153 42
26534 76
3884 363
3410 28
4742 730
10732 73
6046 162
9907 30
29775 75
21286 32
2497 537
8320 137
3280 4625
4177 9047
17363 36
4138 7
1609 395
25166 38
6359 6331
6824 2
22287 6
8928 440
24977 28
2453 9061
5330 30
21813 44
19042 58
13282 69
6547 518
28554 38
24582 17
5830 203
3101 578
17095 18
641 5958
2293 659
7137 5771
5756 969
1701 262
2857 30
8995 694
31775 1
7745 534
8689 815
9318 88
11104 65
5865 88
2327 592
6211 818
8826 5849
241 526
2931 495
2166 660
8001 6041
385 430
27247 5
4881 791
4901 648
1025 458
3365 997
3132 715
3987 104
9900 7721
32599 72
28938 33
8465 730
14739 87
8231 5518
6737 2845
4521 17
7537 6301
6491 3879
20192 37
6451 6561
19195 8
10816 68
8996 40
3221 837
15813 69
25570 73
21970 44
8877 637
6665 698
29899 39
28773 20
23410 22
22198 41
6717 154
4322 81
17931 49
213 608
9748 3717
7327 246
16006 21
5473 690
7210 318
2795 9125
15447 60
3510 667
7357 22
31916 42
7273 5673
8808 146
20308 95
4837 545
3891 353
2851 140
23900 50
32201 36
16036 93
13663 97
15777 37
5091 2027
7033 511
27151 93
353 958
30756 3
7591 844
19842 88
15862 62
5777 583
1548 937
17648 24
6785 924
11901 86
1201 462
1736 26
19502 42
31244 36
1185 25
7034 97
8821 667
324 7
8959 300
23887 64
14271 96
193 2931
4975 85
30977 60
31685 75
5042 4119
17087 14
5307 42
1521 5401
6409 3126
393 265
9441 4581
30141 55
5876 86
7856 19
7285 9745
2010 731
2089 5942
21352 74
6536 3521
9903 46
361 815
31631 22
3550 192
32250 86
8951 85
6570 89
401 203
27424 16
5169 564
2341 294
29264 74
4876 899
4571 344
105 353
8617 952
7429 7
3616 9293
17841 82
8756 1
2556 690
10763 50
8282 712
8886 53
1565 92
1036 483
3579 476
3062 74
571 436
383 49
496 55
28987 61
29023 72
16876 18
9238 193
7375 44
18737 95
1273 356
7007 950
5081 1982
3529 210
8738 197
3535 933
30564 86
9630 249
20309 77
6078 68
743 8653
3537 334
9330 21
13833 5
7713 7521
7648 70
28859 95
29304 7
554 81
1281 5017
4594 755
7361 869
22262 41
8798 649
8932 91
6456 16
19007 71
1257 135
1501 222
1751 663
505 854
9846 868
9044 9841
12055 10
773 970
2548 1468
11499 37
1475 829
100 612
19291 62
31890 62
8131 11
8522 655
27199 35
9712 6547
158 35
32296 67
26909 83
5071 78
10982 6
7961 3268
1782 76
575 462
7394 149
9891 611
4841 816
2177 401
1505 44
3931 834
17336 41
9565 17
6703 879
4238 501
9226 305
23718 20
24359 94
24659 33
3401 115
5083 597
25502 80
24567 31
9202 96
1377 25
2699 44
476 64
7859 243
13012 36
11400 84
19449 23
4451 403
577 8765
4778 56
8609 636
9887 946
1853 323
4986 482
13850 71
30182 83
2793 752
32678 38
315 608
24587 76
25042 83
6660 911
1650 20
25281 83
9225 11
14803 72
1305 461
5623 922
5724 408
7477 197
6567 96
9889 222
21101 65
16906 37
17627 5
1960 327
26515 87
773 464
28793 21
24405 46
933 624
2633 2748
8567 408
21978 73
4251 936
4228 141
3365 360
26160 57
18920 59
9216 95
1065 4841
7593 856
13478 61
7421 43
8935 905
18777 32
6401 934
26132 16
28216 33
15425 49
4377 2913
961 641
18640 26
25633 35
20888 56
13992 50
3943 762
6419 6683
1989 80
6723 113
10164 6
8508 55
9991 320
7844 63
23448 68
6912 2641
1113 9457
15142 59
8041 26
20820 73
11095 18
828 130
2043 341
4084 22
6993 62
23390 82
18212 32
3136 44
12662 6
8041 5423
5349 159
8043 8661
2171 7279
6362 479
4565 666
681 715
31763 20
9193 3023
3511 6956
5721 36
3949 256
187 139
6919 7671
24543 11
1719 75
4811 652
4381 804
6697 9051
1881 361
23250 20
14154 49
1257 1208
6737 582
24598 64
3601 799
23147 72
941 3833
4078 14
10861 82
9536 338
8759 591
6165 33
6680 38
9480 17
9488 8396
9621 517
32070 47
29045 64
6179 2401
28771 4
8976 891
2983 325
6220 684
6161 508
131 34
8001 16
3033 423
7756 44
1983 25
27859 55
4551 372
2139 62
6014 535
14366 57
9169 768
1505 298
5691 897
31723 47
28028 20
25976 63
446 33
6325 88
16965 66
14350 49
13586 34
4962 30
6381 830
22564 11
7256 985
101 99
2029 361
5306 70
18037 74
7809 48
6941 4993
8296 3445
13003 6
61 363
3956 9
65 598
2684 328
32501 64
7101 966
32099 58
4327 23
5897 875
5040 53
15784 92
22796 29
6963 93
22332 71
32767 73
5501 2588
5973 1
873 340
32357 75
4158 13
24812 40
3125 39
21254 13
19791 18
28180 83
3933 460
19130 65
9563 168
22836 46
2213 93
18263 77
9459 610
25961 23
8281 3705
1621 971
3635 160
2120 5251
8146 210
12257 77
769 7963
1771 943
9973 41
1912 16
1091 619
2611 181
5819 64
2169 551
29432 48
8538 4969
29755 32
551 6763
3693 2451
6936 31
28640 87
24770 61
1169 56
9425 545
29075 94
7635 844
5689 387
7598 52
14642 64
5245 5
5417 997
27654 70
1864 27
7462 6594
18998 38
1676 80
1162 2621
16136 85
9105 312
8088 47
8001 362
25804 5
9665 6054
1609 998
7579 79
1129 5399
17451 80
22527 9
3816 456
26963 99
12545 12
13569 74
1775 146
29954 17
3151 499
13035 11
30223 91
8936 8561
1 1825
2923 226
3021 82
9687 257
8351 9650
73 732
5407 5965
29 71
7300 23
3425 9638
9528 37
20133 73
19269 20
10946 74
5401 4329
12878 62
31304 95
15563 13
6556 12
32538 59
19590 56
135 500
793 718
20742 44
3313 19
5289 162
20231 86
32102 37
4033 8681
8628 5296
3407 59
7501 218
5785 7113
940 594
164 215
4856 40
5587 871
13652 44
16058 53
7077 659
4675 2381
2734 931
7953 603
3074 40
13931 13
7476 8273
24788 94
2226 6292
6927 66
5809 375
6201 950
2790 246
9991 4679
4085 3851
2411 64
10127 89
12414 16
31497 39
3699 14
2680 4
3008 464
6427 8855
4305 930
20747 46
2705 250
8771 449
8561 713
29627 28
12950 96
20428 77
6671 201
9957 241
10608 21
14134 33
4117 267
13621 76
21584 28
2475 64
5231 891
4790 81
1209 257
21327 46
2025 782
743 451
20279 61
18325 33
31869 33
1273 767
5544 385
11515 87
26099 59
9216 113
6226 655
4079 19
17798 21
31517 84
3073 180
28026 58
4283 545
4177 259
5830 57
8572 15
8560 583
8591 4279
2776 99
31828 76
4170 90
12317 23
5737 15
9008 68
5225 649
1199 59
26488 45
705 82
4349 862
30476 20
1645 2
7649 72
3777 936
10238 92
16438 55
5850 4017
7181 668
9520 4913
916 2973
32486 15
4957 565
23523 34
521 809
14650 3
7484 870
4961 609
20213 57
21936 19
7101 915
32601 36
24344 51
5104 6993
2576 209
4666 51
2006 861
9320 595
1685 428
9881 3911
20455 38
32738 6
4589 854
9311 65
10062 91
7324 63
9601 310
2195 916
5569 178
357 868
6169 8
9402 55
10506 7
761 542
3460 74
32661 57
2684 112
2125 3939
6285 7629
28137 12
32234 74
25400 4
26159 6
18011 59
11496 5
6370 607
6965 947
9831 786
5759 6095
30621 14
511 770
4669 913
2449 82
26863 83
3809 821
7121 7922
8954 60
6888 60
7740 969
1271 33
22241 85
28533 24
18940 79
4604 742
18247 87
5361 101
20955 90
18194 59
2811 501
8913 5771
5799 22
8632 515
2825 324
23845 29
15664 92
1966 66
1896 345
2121 3421
7753 745
129 7149
9369 51
115 93
2230 155
5319 3385
9061 8705
13224 86
25388 15
17522 54
19452 92
3493 608
20537 66
30614 33
9618 853
5117 496
8689 868
4164 91
19672 34
7462 790
9937 419
16101 59
9057 2621
9210 53
5491 39
23208 82
1374 1966
15764 59
1804 86
28702 89
27525 48
1389 9224
938 781
2895 7286
3846 5131
661 561
4369 664
16712 35
28009 57
11477 38
25757 77
8634 72
7788 33
10566 66
5601 136
9706 772
6001 602
29949 14
756 790
16328 19
3067 432
9815 39
4001 462
3465 6553
9195 39
7549 6
22802 80
6391 776
8739 251
548 88
6540 4951
4414 24
7180 79
5662 55
22509 90
1923 186
7599 59
32617 47
17721 91
2801 2909
27785 20
1022 40
1878 178
9184 95
13929 44
24849 95
5699 284
1234 74
8461 55
22901 24
9562 16
397 1086
1876 1840
2680 575
29516 97
580 35
9290 1308
8446 86
30821 20
9504 8319
9589 490
5911 366
843 601
4926 1425
6135 359
25507 32
13037 85
9211 639
4574 973
2589 36
16384 84
9086 5645
8801 675
1752 1261
26 59
7321 161
22020 22
9157 7345
29825 78
31774 52
14639 21
12261 5
1143 71
253 64
26800 26
3928 57
647 582
2414 304
11630 49
15586 67
1921 34
30146 92
2585 140
5158 27
5858 350
6519 3641
21792 4
9524 808
10240 8
5360 11
5089 9166
6100 220
7569 187
27641 81
5409 680
9289 786
10828 8
4760 3605
5689 813
1131 7728
8658 2151
4881 688
7726 2413
675 4163
23265 1
9575 374
14884 99
1381 736
951 7775
7101 6561
3241 683
30086 74
12450 12
6533 635
4841 797
4015 975
7495 4609
22169 42
3108 65
2769 8543
4744 437
5456 373
5161 881
2440 328
13508 3
21977 34
31326 60
2713 748
24532 26
32700 96
8625 994
7803 6081
1221 507
2711 84
4351 484
8323 30
6519 741
22568 92
6809 695
6961 5481
3151 396
20553 26
26906 19
3390 853
16779 96
4225 16
993 945
27382 23
12624 67
31192 71
4860 452
7856 363
526 2989
8457 645
8870 4353
6541 821
9762 19
20011 10
21473 70
18652 11
8637 56
11374 36
15276 54
11203 40
9369 66
3044 577
2481 9959
3151 992
8531 9176
17732 21
18123 80
30686 82
1546 628
12658 98
2320 30
8493 530
307 18
11985 58
3293 641
1187 768
6451 542
5221 248
30733 8
4178 381
13212 97
25436 52
4688 615
6399 1069
4712 8865
5316 94
23006 47
14546 39
9785 218
12523 39
616 5563
9479 4885
29542 37
9451 1
3651 6177
404 40
30413 91
7508 625
3600 315
23464 20
1241 6541
8903 859
5249 3402
30363 70
8038 2617
241 492
6924 59
4108 1
8849 326
23055 22
20726 27
19418 9
9637 56
1351 15
9211 7
18635 56
992 827
21062 58
2578 331
8487 555
13559 2
2590 54
9141 698
6266 778
6663 27
28006 40
11720 15
1198 906
22203 50
5643 772
31270 25
17028 6
8146 86
4887 41
5024 66
9107 79
22419 45
8079 871
7190 102
7511 556
19079 53
17809 39
3971 62
1515 12
1886 16
3463 668
22821 12
8911 17
2340 683
19009 44
5921 460
23418 99
498 16
5107 749
726 693
9145 2897
15335 54
27433 16
613 97
18008 43
1961 35
1513 8946
31853 12
3451 344
4863 967
24138 3
30535 29
8800 59
15753 26
20214 80
27950 39
28001 31
19451 57
889 16
17787 12
18971 99
9261 620
14174 55
1700 50
1897 8908
13515 7
20033 16
29788 39
8941 411
21744 16
8533 441
3129 636
7034 41
2455 710
8001 8017
17021 58
8881 6134
7059 63
1216 423
12681 99
3784 34
821 462
22489 87
12534 84
889 291
1511 2347
790 629
9901 548
8870 55
22218 48
9678 14
27275 73
9713 4
6649 13
4314 90
9078 948
8143 9152
20310 3
3417 3
29407 59
423 702
9149 576
3011 678
3741 79
25407 67
9697 7005
2801 776
19716 37
16892 87
2805 6637
31755 11
2011 347
5100 161
20847 92
3575 63
6141 35
3433 498
8472 81
8013 60
21537 11
2751 4154
7729 25
13959 10
6713 525
13958 26
14507 93
4558 3091
6043 861
22598 47
2545 6001
4037 708
5505 1041
4449 339
26200 45
19764 16
2136 727
9072 526
2747 725
6992 280
15680 46
26660 13
17380 17
5169 10
6902 98
481 667
8376 195
17771 90
194 46
1877 926
6566 352
4211 320
5509 410
2734 9333
9645 937
5317 451
28086 17
8740 70
6731 331
7950 89
8666 379
569 20
27539 14
8942 106
26939 60
17150 80
9857 461
30441 96
9669 591
9908 95
22230 16
2025 2001
13188 44
1300 93
2779 534
4595 53
13276 69
5981 785
2474 61
2130 40
1350 722
12429 1
28783 32
5894 3833
17304 25
10614 7
7101 2395
1691 247
27800 71
6721 8211
6826 5649
1835 777
1797 227
9049 1031
6551 1582
8805 395
29506 85
19177 46
9769 60
22660 83
4358 911
20777 70
28050 40
8393 181
29213 54
4056 1485
8334 22
9405 9274
8917 601
5448 72
22683 95
7239 295
11821 32
3009 34
2925 95
13900 18
20451 66
9797 342
12045 41
9989 93
506 46
5499 382
5320 102
3187 60
7095 543
951 8005
25910 88
2793 457
701 655
2219 856
1816 448
3761 8057
28151 35
17289 50
8443 1171
15706 80
13224 64
5115 592
25833 11
10982 58
9291 757
3340 748
6754 691
249 976
7864 39
2601 11
5657 9408
4941 1173
1429 69
16448 47
7041 475
801 539
2129 811
21531 78
9803 76
27506 25
8585 373
11422 65
19742 61
4439 921
2131 609
24439 86
2982 595
31324 63
24948 83
18334 51
18418 23
2033 43
11127 71
4265 414
29783 85
28673 45
2617 401
8961 788
6656 893
23841 5
5995 377
6423 4857
674 55
5801 33
5441 7633
6253 437
6317 147
25093 5
20110 84
22754 10
30240 22
22289 56
28611 57
5655 5844
26431 28
22006 66
322 90
199 914
7231 18
8426 9209
20134 27
17648 77
17704 68
22592 51
5393 7696
1070 836
20300 39
8721 594
13614 30
3512 431
12350 6
7922 60
7025 42
2222 17
8891 358
4431 375
2175 800
9641 274
5859 1951
5156 6518
1536 67
12482 2
3583 30
3951 917
7706 4397
330 4121
1211 582
7035 662
1961 993
561 809
5441 9451
7297 503
13934 14
2721 814
3704 53
11472 68
1263 836
13566 53
9971 597
9543 119
4207 701
10745 74
18270 21
6566 444
1682 47
17626 39
13110 86
1507 43
24620 94
23939 9
8576 396
7071 62
1459 545
30215 63
864 22
1917 43
7761 751
28918 71
2189 33
7229 648
29717 57
24966 56
4919 251
916 303
4929 198
8481 518
3861 811
5941 2673
9460 2416
13918 4
5953 703
1497 492
2458 624
29107 21
1211 134
11224 91
9201 999
7239 1959
4761 838
9681 5681
5385 279
5508 4
4476 232
1595 416
7003 6662
2570 4672
4329 135
9251 19
9737 418
27360 79
27909 75
7749 955
26696 53
2985 2017
8551 769
6001 166
9265 963
24282 17
6738 266
10417 91
9949 46
7653 683
6731 573
28125 85
8922 874
19360 65
10999 43
28532 67
2161 71
1424 62
7996 3145
2747 19
3713 747
9473 6092
13367 82
22550 12
9953 435
2620 86
3487 387
9465 55
22876 95
28430 87
2399 357
28105 36
31417 3
27217 17
3425 637
1465 753
4538 368
8276 835
4215 8209
21662 34
25750 81
21931 2
6046 53
5092 9161
10675 83
23435 20
651 94
9509 699
4021 7106
28094 90
10646 78
1341 486
356 9
6251 248
8776 745
9929 649
14242 76
4721 529
13422 28
2201 318
201 6503
1945 1692
6481 576
9701 130
6896 1451
9269 80
8494 11
27503 11
17814 19
565 38
17749 39
19978 66
4039 68
3237 774
7223 194
742 77
3001 148
6197 287
8318 692
4991 828
30741 94
2002 22
17312 16
3793 8219
24248 25
21764 47
2853 207
8169 5017
23641 21
6201 9279
97 376
7449 9857
8004 719
4304 74
3662 68
7948 973
12719 57
5102 209
3208 2
8773 970
28411 4
5709 11
31484 6
4761 3395
24643 22
8641 748
21791 84
5232 52
9846 66
21950 72
208 23
27909 4
15257 97
13569 32
24191 28
3571 2
28660 45
5167 191
8183 67
23855 24
18774 5
5306 147
19494 53
9237 743
9126 962
8693 726
9649 4273
8729 169
9021 582
9405 225
7539 24
13613 11
6097 3097
32688 1
6880 686
5553 369
4319 42
357 48
14660 40
24178 14
10586 16
2239 43
15160 44
3887 778
20697 34
32303 13
1522 664
22293 97
9616 630
18257 23
27325 80
11272 86
6129 507
5125 11
656 596
29927 89
12486 75
13175 37
4831 187
11720 64
27206 31
3239 74
5747 383
7651 667
1690 2137
31112 93
9288 55
2601 7341
31450 81
7851 887
6629 65
4408 26
9381 1609
27265 37
3189 307
22610 76
2544 6433
6582 975
31325 29
5021 7826
8220 90
7601 420
6996 70
22806 35
15639 99
2865 3441
9882 35
2567 888
8651 927
369 2461
7745 653
7379 92
14209 94
32432 6
20553 23
17095 89
26511 19
5687 477
19446 94
22238 66
12044 54
3073 564
4252 756
1081 543
18182 82
6849 502
5407 779
7825 911
2702 74
361 819
19270 59
20 6056
846 74
19057 65
10631 99
4345 129
5869 645
15899 45
364 62
8765 295
7221 49
2340 538
25941 83
5035 472
2161 7823
14750 90
8261 244
7809 481
5814 76
29858 92
19172 13
13867 6
9570 8423
32247 23
25167 83
7895 196
1039 632
9970 75
5749 545
8683 537
5211 376
22352 25
8369 65
2580 775
25467 13
4079 26
19962 36
6536 5155
2868 26
1401 936
23722 20
16257 54
18349 59
148 371
18189 46
5255 8776
13842 30
18997 40
7715 92
7761 226
9936 9953
751 67
24744 75
7332 578
3376 760
5695 59
3990 7633
25457 88
11670 30
10280 74
9881 639
499 960
9253 46
8495 754
6596 615
2507 29
23046 16
5384 53
8561 385
31840 64
3321 395
3846 159
739 76
30710 57
27822 46
7655 1883
21381 42
841 951
27025 20
6603 796
8015 307
7596 351
4411 47
588 549
1801 909
27950 32
1049 5976
3311 8901
4166 153
8461 12
22459 48
26503 73
7263 870
28895 31
209 455
3460 994
9161 298
31385 61
328 75
1265 376
7297 446
27359 81
3290 776
7427 94
473 311
9147 8455
5321 699
7453 57
28412 20
31899 62
9718 18
20515 2
5162 38
21626 12
27696 18
31070 80
7505 989
22021 88
3781 752
19457 30
9681 237
3710 92
9585 447
806 59
5994 728
13524 31
9996 125
3271 488
12776 2
19940 60
2321 5485
4252 223
631 716
17670 55
2168 4225
6241 590
16946 64
3103 9313
2791 203
13812 8
8642 8341
5281 765
3041 986
3395 87
7236 817
8641 661
19731 53
4835 911
21648 30
6156 373
18197 89
27180 96
28738 10
7673 348
7649 6
4193 49
25431 7
7016 8273
13314 76
22146 77
29156 65
17256 8
7752 57
11346 41
8662 41
7927 297
1680 839
9667 200
438 79
674 14
30201 92
2153 8803
3392 68
31283 26
9544 120
23007 61
7985 736
2415 396
16116 21
7793 846
32319 81
23950 5
6013 66
9962 951
6651 355
12387 31
7719 1089
26144 47
14337 48
1981 476
525 569
6001 565
10348 85
8873 254
25241 12
4896 367
9340 396
7958 4017
21365 84
7265 4401
6848 4215
17296 69
8733 543
26690 63
24939 8
4661 217
7487 80
7112 621
17144 74
17368 55
2967 94
4301 513
23919 83
8861 355
6009 9026
6935 90
3864 1601
8440 34
6201 425
5168 5514
6624 2299
8340 39
11447 32
2370 2001
16589 80
30541 30
22783 96
26666 94
7851 656
9076 519
2226 999
1823 8396
263 399
10409 71
12971 36
20600 79
2566 61
9356 76
113 8003
19941 20
30024 5
8121 681
27091 90
561 737
2245 2051
1466 36
8891 729
7051 806
16664 46
9695 1976
5017 5569
20415 12
3453 31
2645 107
6525 883
28378 56
16082 57
8642 4484
24272 37
15608 62
4497 912
16341 75
22638 76
24045 38
4021 4313
25122 34
7071 8596
7549 45
9053 56
821 753
19670 62
27772 69
365 519
3898 603
729 44
4401 5665
8295 92
2233 339
29562 1
14949 75
6035 7983
841 844
14782 34
4673 174
21727 90
3334 859
19424 74
18804 48
12367 64
9908 191
19406 5
4969 5517
24170 10
9525 49
7048 64
2531 7169
14817 73
27047 57
9877 67
1297 2001
8605 16
3493 6
7189 401
1175 981
31328 30
4281 8237
17368 44
4509 660
3981 498
9161 13
3401 385
761 2467
8136 8143
23772 83
5231 448
27088 4
7194 6141
2361 8468
7367 871
13592 22
361 4357
18150 90
19589 60
9239 155
385 514
29724 14
27640 88
2751 2401
29562 94
6341 30
20270 79
9543 143
20373 47
7057 957
21342 21
8500 79
29963 3
12231 55
18767 32
6013 323
6981 185
5231 189
5459 90
5790 66
2904 969
25761 74
9136 521
1842 353
5273 6645
25055 45
4251 176
15770 32
17090 74
5862 5746
3527 475
4621 50
2469 651
317 311
9331 9131
27974 75
10528 85
5687 475
2835 777
4571 99
9339 30
1875 93
3371 610
6144 13
9681 466
13479 14
9416 565
9688 61
437 4411
24461 71
3336 551
8946 58
1427 783
6650 77
22896 41
26545 83
4640 35
448 367
29809 40
18737 23
2501 140
31560 14
28751 8
30132 54
3519 548
9996 90
19197 1
4461 663
8673 985
2557 505
3861 908
6945 1
5255 863
1606 571
2879 25
13150 99
84 331
15653 42
5890 674
8465 499
2384 5271
6033 753
2020 314
2317 5569
4261 4348
6413 733
7841 618
28287 75
4388 94
1630 5949
9909 326
6662 785
1309 99
1716 453
6068 92
5538 594
24247 91
3637 91
20687 92
11162 52
29467 73
5349 822
3535 1467
5392 574
2633 8281
29728 3
5491 106
6621 365
20239 32
28258 39
4471 804
7634 69
5243 40
28502 77
29110 12
9639 52
2334 415
2581 651
13432 74
9741 934
3029 40
31778 79
12662 29
829 85
4203 911
9933 5775
27108 87
1963 24
13778 4
10014 7
6679 5
31162 80
30318 52
6545 176
15698 34
1682 70
6391 5585
21759 63
1314 336
9181 480
25971 37
2289 630
9825 2182
7749 413
30015 40
16477 9
4447 6990
9758 14
1109 67
5927 38
15229 43
16156 79
2750 936
6798 1047
5322 42
1582 59
7756 15
28926 83
5155 319
8489 17
6950 8917
29476 96
73 927
29784 66
4381 1
3911 163
8579 20
30862 28
823 667
6929 314
1396 827
9053 12
32060 19
2711 681
6936 726
30867 98
865 861
7989 337
8361 2219
5904 4411
2945 684
21686 46
3314 840
5838 50
3177 809
1077 592
7828 420
6353 182
18596 1
2429 738
1289 34
3604 173
10961 64
22813 57
3777 143
1757 631
1611 199
3551 335
31515 96
572 8977
6801 530
16945 45
8645 6329
517 341
4777 9921
26336 3
4366 652
151 377
9101 869
31557 11
2979 156
7992 2
9971 387
118 599
9008 90
6866 274
14648 63
1886 92
29883 63
26814 14
1949 978
31937 23
2079 5663
25556 13
3917 2264
3103 642
27117 64
14258 28
12999 36
14292 31
28891 35
26212 84
9615 1145
7949 888
3301 426
1377 94
13581 50
929 151
2641 199
7393 21
19161 38
25327 64
15247 97
9421 649
4233 488
536 6
1881 39
28259 18
7588 793
26870 65
26167 52
2258 9101
2946 91
22348 96
7960 43
3521 703
18520 43
32691 69
5 396
9792 241
4520 79
6171 835
91 34
1775 98
6038 78
26351 86
7248 84
3651 656
17585 71
20971 82
8276 525
6701 6865
14966 39
1027 205
1 304
101 2259
5857 37
25581 48
17199 58
8933 801
3307 416
7985 5001
11528 76
23486 76
899 880
1696 136
7505 3733
4461 589
1051 5169
25051 16
2113 4445
13883 36
4138 99
6524 69
81 8081
30640 90
29255 8
2430 2001
17371 39
24287 55
2303 3
7243 6257
2737 1660
24374 73
23425 65
6351 41
24256 84
2669 448
7037 98
2365 248
8389 32
10837 83
295 701
4042 373
30929 95
6121 194
8893 95
7763 93
2791 84
276 302
13855 25
29156 18
20368 79
3292 68
10877 65
16204 16
1700 3
11787 45
3797 1393
6618 96
5873 191
1203 474
21635 81
2195 555
30642 38
23450 36
22104 30
7699 982
10237 24
1704 162
14846 68
2435 679
19467 59
8040 27
20351 98
21843 37
23838 79
1713 196
4909 5746
23375 86
8112 4107
8861 5201
970 27
2808 7526
24870 16
12378 45
30954 12
4750 756
84 3493
10394 64
24448 53
7020 58
7857 188
665 989
4415 859
7957 3071
25258 22
16391 53
5541 900
1841 1983
7889 7151
21962 40
4402 4047
19082 64
6182 57
7801 2188
25522 29
2631 18
84 8
31736 62
30331 57
113 329
14063 7
9557 919
13438 49
26916 44
25301 15
18915 94
11491 36
1681 7035
31042 94
12575 52
8992 96
27411 95
18525 88
16701 77
2901 65
4959 627
7427 65
3698 453
1047 8904
30877 32
269 12
5855 626
6528 70
17807 17
4111 529
24959 26
31163 74
3228 80
9101 608
26183 44
7048 95
8651 540
14501 31
26746 89
7761 22
7998 50
5209 246
27234 47
19584 45
7663 5561
19037 57
17633 59
16864 59
851 359
26185 20
32314 72
9158 44
1317 999
9285 9777
6733 8296
11321 92
31488 48
15956 4
3117 53
866 241
9717 722
10452 49
470 71
8269 128
2801 1265
64 348
9660 82
9311 7253
3366 255
5333 14
171 791
8493 94
15375 29
4469 556
7941 551
8892 38
15504 5
9649 569
22763 60
18002 64
17959 95
4420 77
6631 82
28130 84
25622 59
29077 39
1956 57
17666 69
16577 92
30547 69
1059 460
10697 27
1181 991
1248 545
8113 904
12348 15
826 415
5309 7517
5728 5149
19190 80
6385 103
3449 263
4561 885
14164 7
29420 92
1321 95
4103 72
8219 25
9911 1554
5178 86
14926 78
25999 57
2168 959
5101 949
3890 6
3158 501
3398 32
6465 481
4305 180
16502 52
13342 85
22032 45
16124 62
26635 92
1628 48
15028 81
26993 41
20160 85
9676 793
15768 80
20968 83
2125 3266
9731 3661
8212 930
6278 3141
16370 18
13298 12
8681 6
1008 8733
22950 96
29427 53
889 2237
23603 57
32679 43
20247 14
21347 49
18040 78
27673 63
9915 978
3877 2434
8673 9589
919 534
11822 47
7367 988
2121 606
7385 286
3861 9
21006 84
4449 465
323 27
1771 72
12599 30
6461 4
30258 40
30596 63
1329 115
23375 40
19777 46
2905 714
5386 8617
18704 59
1972 2
14032 53
18144 14
7849 6775
7661 326
5597 277
29956 57
8916 509
31863 26
4332 365
27914 23
1467 62
3391 456
4257 628
8648 72
8582 15
341 461
7789 6561
3857 9
17858 89
5677 60
20133 31
1821 814
30178 68
7031 52
26 88
9325 56
24619 40
28092 35
5209 554
5617 6961
20452 9
2767 13
5003 588
1066 2584
6946 14
801 811
7765 274
8694 6665
14401 70
28257 4
22845 88
161 23
10264 90
20225 97
30437 99
9224 36
6928 104
5290 251
27319 55
8968 57
4149 801
2831 64
4675 119
16653 39
7241 2205
1059 99
18450 51
3125 203
31715 9
19997 95
8809 136
31017 74
6770 63
21407 46
31841 35
1781 275
32045 94
3106 74
6080 28
19799 90
26379 7
882 73
7007 17
2552 17
23311 25
21423 1
26868 13
2983 1457
18611 40
20394 82
4893 49
3173 666
9870 339
17807 44
7407 8225
7296 2637
3946 97
5694 626
6967 251
8651 3
9545 385
1941 941
4565 9186
277 693
8072 86
3361 832
6161 97
4721 5041
992 3421
5170 57
4926 52
23239 1
629 6
944 59
27143 49
6489 8705
3932 232
7121 9066
22700 97
6826 630
1 874
5099 229
4269 523
14169 32
15188 27
31700 38
4478 678
5733 62
9986 52
7717 486
5816 411
17710 65
7649 5639
7686 22
21057 48
533 577
6781 26
17491 26
16432 4
24951 78
1105 2469
3737 215
2459 28
9080 7
1076 882
21758 73
3126 3009
18089 43
7404 987
4673 132
5870 827
30025 9
28197 1
7401 516
1254 11
4697 4901
20237 2
4576 31
4389 531
29389 33
6333 51
7941 541
4993 397
4861 121
181 16
6580 358
2689 521
24995 46
21609 79
18394 14
7081 262
18366 45
7860 98
6803 74
6784 90
5481 526
15701 26
5913 814
41 3249
4114 71
22535 34
6385 350
15454 70
692 89
26506 44
23559 28
27817 11
6079 2553
23856 58
10682 75
14931 71
3566 396
3825 791
4996 374
4751 265
3391 5387
8856 5441
2334 632
20992 67
28411 98
7757 79
14717 99
14924 87
16617 84
2024 147
8465 817
32573 65
20421 55
1692 29
15661 66
30352 20
14683 75
31675 92
1431 157
1055 141
9192 76
6548 82
9761 3546
9201 37
4549 969
12620 10
11934 97
6710 73
2635 69
27242 72
31504 52
28536 98
2380 7357
17938 54
363 511
5320 4772
7727 493
19541 10
30351 88
24785 90
7975 181
4837 55
7703 3
5941 11
28151 54
4751 57
7648 262
451 63
1997 8701
1421 56
27831 22
7751 61
3601 478
27414 21
680 941
12053 80
8159 28
1919 667
8105 2401
8270 516
6661 69
6891 1033
18430 60
1829 719
4151 849
548 99
8799 301
21797 33
16413 64
8663 662
27934 39
17143 10
15743 10
10664 44
6772 98
357 54
4806 878
676 959
6281 278
5056 35
7822 92
8635 5
7401 506
5546 7
22948 26
8577 676
5187 60
27901 40
5506 67
5141 839
701 6995
32414 34
3153 19
9401 5133
5553 965
4417 7738
20523 65
23623 57
6776 263
9481 157
3133 390
5808 42
6705 537
3295 86
495 5549
5382 78
2969 42
8316 410
17142 2
3728 33
9207 2806
12224 75
9483 20
5005 565
1834 121
29653 79
2273 529
31780 26
17080 22
21568 68
323 951
5672 44
9981 674
32328 80
14168 51
22565 18
8693 61
3413 123
29699 21
6551 127
9175 933
6561 789
3686 84
27353 48
2341 9995
8573 8721
285 5455
5121 5678
2417 303
7277 22
7001 756
28861 50
14883 59
8816 39
30289 31
12644 35
6982 920
7659 46
105 9761
15366 48
17731 33
4407 4727
23928 93
1976 68
6895 509
22002 75
451 489
162 16
27320 42
16851 37
25798 8
1351 939
1837 60
6987 34
3272 88
24913 27
7273 931
28207 75
796 7993
7172 57
1558 373
8214 953
13769 30
