666
20516 4
26594 1
246 321
21849 7
587 709
22794 9
21 3
6999 1
675 9
24565 3
497 845
676 330
507 2
18105 4
6467 7
29845 4
7029 3
22618 1
309 1
14751 2
22799 5
11749 5
361 3
29251 3
551 796
2605 3
53 9
333 2
27210 9
9550 4
31539 2
363 889
636 1
10017 5
11 286
201 287
214 6
29995 8
571 9
23155 9
123 397
26403 9
846 323
16255 8
774 3
931 620
10179 9
26675 2
11954 9
13699 2
681 569
195 5
881 5
11244 3
11230 8
19028 6
13284 5
23938 3
1444 6
20644 3
1125 8
481 7
602 765
883 8
342 5
22819 8
21035 5
14272 1
809 4
975 4
213 418
943 6
125 4
81 1
3785 8
281 1
17791 7
21348 3
19048 1
4451 2
771 5
601 4
554 6
14602 4
14808 3
3636 7
32122 1
71 2
464 8
57 9
957 6
21509 4
686 2
937 386
21048 9
542 3
681 121
24675 9
200 7
265 3
335 5
141 9
478 661
31675 9
473 3
25896 9
27472 8
2887 5
967 73
10668 4
195 2
26012 5
27502 5
8642 7
211 252
4894 7
22104 1
81 5
15848 5
985 2
709 9
24165 2
2003 3
14085 9
889 957
203 9
92 3
746 6
921 3
10257 8
6 8
361 3
489 55
240 9
21260 6
406 703
17 6
26269 3
8041 1
777 701
409 193
29516 1
878 345
321 7
28472 4
601 201
30569 9
13931 7
345 2
499 7
27750 9
257 9
277 2
829 8
601 759
32163 8
1161 6
20363 2
200 625
312 5
4306 2
7203 7
28775 3
301 1
22206 5
17703 1
91 6
14266 6
912 1
29423 5
27274 7
431 3
25410 5
227 5
555 4
805 7
511 229
301 4
28156 2
530 503
101 2
751 3
467 5
14771 9
18096 7
835 1
18411 5
770 489
767 864
1 597
23949 1
481 9
683 268
16268 7
18453 7
30733 1
27308 6
11054 2
10629 7
831 7
6712 4
561 20
26952 6
496 3
25792 8
6780 8
211 6
15558 1
714 7
15279 4
951 8
7465 3
17800 6
751 669
895 9
537 245
32714 3
3624 9
54 7
919 9
4905 1
1252 1
837 9
22916 4
706 8
581 3
19314 4
15384 7
25968 7
971 6
8704 1
425 7
18937 2
564 7
25118 3
101 6
27518 3
23575 6
307 745
441 2
19490 7
795 4
949 9
23222 9
3388 5
23913 2
229 7
21765 1
946 9
31735 8
269 98
7406 5
31652 6
19637 8
545 6
665 2
901 2
485 1
89 706
5090 8
373 1
239 3
811 6
22851 6
297 4
333 316
31080 7
16436 6
31294 5
537 371
671 8
25566 1
26315 4
96 1
231 7
795 7
21162 5
26586 4
20895 9
27134 4
31662 4
639 1
106 1
25546 3
14945 3
621 521
6006 4
2427 8
167 7
6358 5
320 681
26555 8
497 185
3330 5
22300 4
621 3
575 2
16014 7
853 471
17278 3
315 6
24166 4
513 1
869 1
27480 9
367 81
22738 4
10356 8
7224 1
24958 8
26334 4
16745 8
7 9
12174 2
501 121
863 619
941 9
327 745
8561 1
14533 8
17203 7
2584 2
121 5
948 2
868 401
4694 9
28033 1
29062 2
8598 8
3 577
6114 9
490 801
543 7
701 8
891 145
7558 9
841 7
16740 5
133 3
317 854
30828 9
31167 4
14265 7
726 349
69 6
30642 7
759 168
28768 8
6 4
945 646
886 8
501 1
19897 4
15214 8
593 1
724 9
18569 6
14096 5
19776 4
1559 9
29263 2
568 71
5929 6
767 5
8308 4
23222 2
10981 3
595 2
24179 6
27931 1
593 2
13832 8
271 4
26643 2
645 905
545 4
41 237
28022 6
913 8
113 1
8247 2
32155 8
18068 4
304 8
1907 2
456 7
345 9
13350 1
26858 4
28714 6
536 1
26132 2
219 5
657 134
149 201
13791 5
465 120
30867 2
22984 7
89 6
39 8
15473 2
787 2
336 1
20386 1
20646 2
31539 5
7690 6
8416 2
926 4
30550 4
248 9
263 3
162 4
30126 8
23 8
121 6
3234 7
106 3
19076 1
20348 8
251 9
191 2
32369 8
30506 6
13073 2
683 1
21672 3
768 239
374 6
969 286
26 4
25299 1
256 721
722 4
18965 9
666 6
11884 5
29907 8
12488 9
31504 7
509 377
112 267
102 407
905 961
528 9
6730 1
19051 7
494 104
821 5
102 1
646 3
12577 2
731 6
368 5
76 506
2792 4
14387 7
30151 8
413 854
20022 4
147 8
18639 1
31843 9
96 1
276 502
27301 4
431 5
3273 3
11 1
575 8
8576 7
31624 3
27993 3
17583 2
1706 3
900 2
582 1
545 517
30022 2
708 856
201 2
696 5
6875 5
15940 4
20937 5
222 7
912 6
978 149
41 2
26441 9
30383 2
21151 5
28695 4
9660 2
922 983
227 217
673 6
329 221
1974 8
505 5
1582 3
1860 3
23342 3
138 731
771 301
713 436
6376 1
8158 5
20443 9
7022 6
12460 5
1501 3
912 1
266 4
451 908
6373 7
533 8
31044 9
24536 8
193 6
905 1
143 8
16 3
22941 5
871 4
7489 1
429 5
27125 1
737 9
23696 8
496 8
251 237
7610 7
675 3
26479 3
259 3
31942 3
17161 3
4557 5
177 2
561 6
840 3
1817 8
297 9
17590 8
708 5
389 8
898 3
551 2
5177 9
289 3
17463 4
21818 9
7526 5
27898 6
742 7
13731 4
1373 7
20416 5
661 5
19728 3
25331 4
536 8
9876 6
1392 8
345 97
493 999
201 9
11174 5
182 3
335 5
185 3
457 793
321 2
801 8
519 3
16545 7
19970 7
10348 5
17323 9
999 991
11883 2
11611 1
15168 1
14030 8
381 69
381 8
27182 1
825 3
22 325
32598 4
87 737
319 7
8441 3
14455 8
3634 2
302 775
697 2
854 7
681 5
176 9
9355 4
21309 6
15647 1
833 611
761 8
361 65
24138 8
297 6
631 2
12385 3
911 6
726 6
657 401
517 3
29950 5
369 5
87 1
7371 2
141 9
961 97
13501 2
850 1
621 8
9745 1
685 785
147 77
501 6
9383 4
25236 6
31543 8
29560 8
16472 5
861 236
3750 1
293 640
851 8
19172 7
81 637
651 8
985 9
161 9
15778 9
12054 2
826 3
193 842
24243 6
734 1
4601 9
32190 8
17425 9
317 6
556 5
481 1
995 7
892 4
746 796
24066 8
619 5
8536 4
25081 9
371 489
16323 5
421 588
491 6
