137
31265 4
32228 1
9922 2
651 374
2793 6
103 2
27878 5
7584 9
8696 6
966 7
465 418
351 7
839 553
655 952
593 5
29675 7
8904 5
369 9
15 861
18653 8
19280 1
16824 3
121 9
444 1
593 7
581 3
259 7
561 8
914 2
30235 3
135 9
238 381
8020 1
6053 8
30171 4
917 731
471 5
22021 9
5575 5
341 5
19410 8
905 942
41 5
22957 2
219 8
975 3
25936 3
251 1
146 3
569 21
713 3
22911 7
7075 9
737 1
18557 7
771 9
13286 7
561 8
546 4
58 7
21887 7
149 5
353 7
6486 3
25986 2
4886 2
913 2
401 313
25916 5
17111 7
10300 2
256 4
31873 4
5938 6
861 4
17040 1
601 7
153 9
106 2
7538 5
22174 6
5546 2
766 6
439 6
21295 2
5252 9
203 4
701 602
142 9
535 73
21323 4
296 5
18602 4
13853 7
106 3
14 7
499 4
27727 8
651 7
12794 1
7539 9
4979 8
865 8
303 877
738 5
757 296
19429 1
603 5
15252 6
89 2
217 235
3745 2
359 833
15185 8
463 679
201 699
469 1
25 8
2497 1
4632 6
610 4
177 981
21655 8
11862 6
23785 9
423 915
21636 3
27350 4
27428 1
252 261
31831 6
4100 2
627 2
26437 4
105 3
390 4
9206 8
