6178
9596 238
1952 206
1263 28
21803 40
12035 21
8278 2105
3311 296
8561 4796
3230 209
7191 4177
1499 3611
9282 68
17153 97
4845 120
22393 77
17407 66
1889 900
26406 5
28463 48
4045 130
2211 993
857 6979
8673 2365
8789 363
21492 31
7819 783
5789 476
16704 82
5808 2582
18693 33
25866 5
541 199
5089 9169
18108 88
6289 8051
2143 78
2941 17
1770 84
4865 618
26822 23
31146 96
1765 218
31637 65
6311 126
3841 5117
6121 347
1288 113
305 6278
9251 57
6297 1660
2224 84
17982 22
2841 254
14171 8
7565 868
3009 8911
10830 67
6549 4021
2385 491
3528 6599
17360 63
5345 165
4490 8935
19362 97
9216 184
9510 107
9498 56
24750 15
2007 495
17089 75
22592 99
5853 162
1181 648
6669 250
8638 111
25597 80
3200 92
24009 69
8721 9777
8347 738
9035 18
6122 451
3343 30
6255 43
21362 46
31203 62
25739 23
3565 13
20275 63
7203 1770
11488 50
7781 467
1593 393
17622 85
3901 831
6111 7102
8 55
29746 23
29387 51
10153 52
563 22
14349 37
23288 3
1523 80
26022 7
8193 32
3153 738
13008 50
4150 56
1835 3410
10814 52
30672 92
3043 80
10672 49
10534 48
29743 99
26933 12
8041 10
3132 8081
8439 305
8196 76
24015 79
10069 80
24030 20
8739 824
13184 36
32685 75
6369 7117
30338 24
7191 82
2809 288
30596 22
31817 65
20898 74
2035 26
16197 50
4025 332
3527 7821
1761 651
13530 84
7955 8861
7401 181
3105 435
13759 35
8488 4793
15513 88
9522 819
6505 309
13852 19
9409 9573
2665 4088
5137 292
3799 79
9990 41
8849 148
13094 21
7785 3661
2181 707
7811 874
333 12
28900 51
6720 90
3597 795
25239 40
6276 347
955 69
2709 963
2515 891
9803 889
4161 928
4195 84
4511 73
23858 57
25157 32
9564 9
20858 57
25740 10
5321 7361
6849 9916
1531 469
25344 31
19525 24
27552 15
11124 46
5016 86
9281 4645
5131 79
19529 49
21695 18
9385 841
566 921
23916 61
6362 8251
2995 8417
4919 580
5339 33
9621 73
30573 85
18272 14
12447 71
3139 698
27244 9
7452 6
10942 27
24223 69
5609 47
857 4
4507 3793
1343 282
30920 28
4883 6301
4177 315
14263 25
21348 26
1106 12
30710 33
8537 75
1926 503
6944 108
9838 543
2721 992
8045 685
4796 695
4261 8961
26511 85
30803 89
9246 107
2703 125
1397 4764
9876 7401
27474 56
9729 3369
8421 593
5093 545
16637 9
28434 25
2313 4041
12605 48
20746 14
8487 4009
22564 31
3545 80
2052 75
7298 92
1859 34
13555 59
8409 78
3727 858
2401 687
4847 12
4543 249
1058 970
4913 9793
605 89
633 56
6245 316
24210 43
5501 34
28957 76
4915 798
4669 701
10405 13
5816 641
3119 39
31893 69
10239 41
1681 13
8545 762
328 6321
7115 93
20422 49
5601 623
2804 57
29778 72
9543 162
2795 84
8361 634
1841 452
6063 552
16766 85
1937 42
2341 84
14980 62
20935 76
4981 442
1182 43
17970 68
13781 89
6426 5888
1503 837
3865 704
17654 21
1477 394
5069 576
18250 59
2991 4154
22681 43
403 49
10358 51
4243 890
241 9535
12299 92
2826 848
31447 28
4542 967
13547 22
29942 49
10884 64
1242 24
8605 807
23406 98
6529 629
357 213
3297 127
7451 251
28069 98
16725 34
17071 53
6936 745
8641 444
747 5337
8927 297
29998 94
28317 30
29843 26
15672 86
27703 17
3109 73
361 5441
1785 535
7081 448
6370 29
219 199
7128 37
6785 2681
3441 34
32572 53
2101 917
9895 578
6573 433
3472 55
7659 46
20810 65
2733 1274
2215 81
5462 87
255 458
2880 578
27164 65
14660 26
4440 386
6191 25
27097 27
2847 94
433 950
15987 28
4714 715
2143 51
5809 708
30440 6
1326 6849
7087 9195
5933 62
6156 8120
7477 50
2145 927
8880 47
2567 2033
7539 452
28372 40
3539 14
20247 34
4280 55
4676 5501
6941 522
4729 69
11972 80
1513 993
1507 3225
4289 363
27933 16
4186 64
17725 21
2417 185
3081 8483
7861 279
1667 8984
5701 8835
7907 599
8050 298
5445 88
18607 51
8409 3301
13377 56
7581 813
6896 497
2501 903
6401 870
1733 47
1040 989
13428 22
9184 39
7619 89
22878 26
11841 24
5130 671
6377 492
19528 92
32523 48
14834 26
3231 979
6849 3681
8676 286
4073 750
9631 448
6288 82
7873 285
437 3865
7454 671
936 474
28668 12
4009 124
1773 977
5461 513
32730 57
18158 97
4284 857
29830 6
8769 9503
27950 63
25500 89
18828 14
3542 24
29496 17
9201 440
22601 41
32412 40
30092 42
8213 555
31416 35
3986 2
27930 23
5994 5969
569 422
10357 11
9717 983
6132 3762
3459 834
21932 56
3433 951
1106 991
21374 2
1559 5205
3857 394
2745 5363
21840 69
7969 998
9079 133
8123 9004
4501 357
3225 6411
4659 54
4252 4
4302 70
28504 88
4001 7276
9843 451
3471 464
26224 99
8152 54
21177 4
26994 75
10979 20
7353 740
10543 58
8397 501
5674 221
267 580
300 21
2107 451
2306 2
22866 21
4311 13
26608 39
25070 4
1637 975
17350 55
25017 56
19907 51
5452 70
9890 64
446 320
9577 55
2238 53
18524 8
8781 753
19708 79
5725 197
7121 7233
9081 486
26167 81
8938 5586
5859 3
15561 25
2181 933
9741 785
9915 95
26120 31
6721 4973
7889 1681
22038 24
5588 353
423 76
2801 686
2315 8
4393 56
25981 5
9570 401
6728 17
19222 1
8285 408
9350 81
4745 54
2741 29
24094 44
12229 69
9521 748
6977 646
26250 29
2261 542
1988 480
5036 52
7046 89
9013 844
21379 59
4283 860
593 71
8251 3797
29607 45
32431 92
4997 81
7521 1556
1778 14
2966 14
8000 8251
1349 4
1524 419
4813 913
7944 615
6793 434
5058 64
18647 80
4314 850
1061 996
12983 15
9201 9010
8228 340
8888 692
8717 77
13891 7
10617 58
22558 3
6951 4841
9682 31
9296 79
25563 9
8147 89
19063 36
17846 15
8641 380
13797 67
7841 981
4313 839
25535 21
27457 62
6881 6161
571 2181
2209 2073
5679 442
3075 713
9476 30
5711 44
5593 6976
5640 48
6320 7616
4147 8709
16449 81
5333 97
28514 27
555 59
9118 45
16187 34
3658 697
4383 157
3981 938
6313 2097
7655 834
8801 6353
2881 427
7993 807
2932 8641
17353 3
20548 10
1211 51
3384 5001
11817 60
28774 81
9049 76
7646 509
9545 615
20287 56
9238 1
23347 7
1311 797
9537 408
7194 77
6807 6
1033 585
2632 126
7849 26
4893 653
19483 19
17196 49
11431 37
23228 43
29700 48
30823 94
1225 137
9173 7202
7930 165
4485 939
9521 807
30105 77
4936 8017
3169 9097
3061 561
8969 734
3681 42
24258 31
10867 78
8689 4841
19377 38
6073 497
651 9350
29756 24
11573 11
2187 34
10833 16
21539 12
13566 73
2751 86
4121 485
9761 6433
9805 626
9964 87
2286 992
23591 80
9789 86
27234 3
12175 12
5448 56
1130 42
23843 82
17986 36
433 85
6111 5313
6361 934
962 583
9877 6227
14148 7
3254 7
22170 13
6398 32
7217 87
2579 776
9314 8337
2113 7702
31768 61
3581 215
28097 75
29362 60
16627 18
12069 98
14545 78
14937 38
10542 46
7166 802
31719 32
5931 251
4597 7391
4161 7121
28931 38
30166 80
3787 277
8557 13
15141 26
9402 475
4635 3729
13004 92
9509 94
21656 4
3221 236
21663 81
9337 837
18874 61
10322 53
4091 600
249 621
16181 68
14877 55
7662 9
26226 95
3755 47
5328 90
32658 96
7221 778
7379 51
5198 55
2631 805
9345 9647
6737 5258
6578 3
6914 4415
29921 81
3200 520
7366 69
12151 13
7172 29
9641 4
13675 80
9905 4045
4460 240
2211 84
2176 2915
19788 19
2751 809
3923 233
12201 96
16094 73
1884 55
6429 2477
18893 78
32463 18
9671 7925
8413 116
13601 25
8461 136
21995 73
3250 940
25626 37
22923 45
14483 48
5269 44
2069 895
5375 44
7783 878
20187 79
6289 178
4645 259
9677 57
29717 32
71 207
15697 79
5417 55
25783 62
24601 76
9021 605
1470 462
5341 303
4294 84
20738 3
7233 37
4565 906
27738 82
28838 50
22514 49
4921 1670
5641 756
5601 698
4111 2063
225 283
5799 41
22646 32
8607 730
11515 84
15818 60
2369 652
9542 688
8662 8
1861 753
23647 77
12490 9
8381 233
8796 434
2681 539
1317 5231
481 4995
1153 4666
2176 412
1551 76
46 762
19625 62
865 6753
6578 53
1697 368
4201 10
8656 14
13368 56
27666 35
10716 25
15552 19
9621 634
21324 50
32712 61
2814 463
4315 33
5842 431
6562 17
26792 29
6505 3217
27806 95
2441 650
9551 3953
673 278
16747 96
4017 5701
1359 96
4670 4176
6293 394
8906 3485
13350 36
6721 530
1962 7824
9619 81
11039 43
1293 787
16707 66
7183 52
16267 62
6865 60
9600 81
7439 49
4801 89
24939 99
7953 254
12949 11
6165 460
23146 79
2936 65
4381 6
32526 88
9814 66
7521 280
8734 70
5040 15
5528 33
3969 293
23332 55
6403 4657
9025 286
8754 95
3345 9199
20949 46
5487 76
15154 37
1233 126
8412 126
1968 341
3450 706
9633 4126
2247 32
5424 35
8981 427
9094 90
18525 12
4977 521
16552 26
8480 717
6132 8417
16848 3
18815 81
9744 46
10784 69
4677 640
1420 40
22819 93
8161 525
8117 478
5100 244
7883 3781
15864 65
645 6
19835 43
5193 712
28878 41
2591 38
4899 97
2265 314
9507 7383
5721 382
3913 6961
28013 58
30398 71
7619 94
2806 6626
13084 83
26188 76
6929 931
9831 41
2032 415
13943 80
14402 63
31508 3
32573 26
1193 22
20765 46
7698 611
2997 392
4021 10
18121 90
19252 1
2898 2513
28638 13
6376 250
5311 589
4881 167
929 379
23296 46
12496 71
2787 142
3745 313
635 2144
7913 275
17295 99
26101 80
18309 68
1247 1993
7728 1551
5512 548
1929 5566
5864 5558
2826 717
31974 81
9601 5481
26289 68
251 190
4731 871
5261 720
1400 60
24470 44
2866 464
3614 266
22494 58
30007 90
5728 321
9381 537
19359 31
13289 11
810 63
7315 95
1915 826
12215 67
4470 33
461 9760
32303 51
27137 69
29657 6
3741 893
20093 63
18791 70
6029 338
3081 7716
3713 391
30667 34
321 217
17332 10
6875 4713
1287 991
23881 42
24715 20
1460 1065
7075 438
21753 86
7729 649
3041 898
21348 16
1105 388
3971 217
3125 378
1677 9883
32138 85
28560 23
5116 1081
17954 61
6743 97
29752 3
23843 72
6823 45
9346 520
8925 383
2087 8737
22993 93
4870 71
7259 608
12600 21
28974 94
10895 13
3723 669
3137 5
1536 3966
8465 433
3610 113
15246 55
9458 60
17584 54
8735 4
9849 116
9155 920
27963 26
5932 435
9738 338
7457 141
2713 8839
12504 22
8599 88
8841 7086
2649 71
9427 6397
29345 95
29092 41
409 324
8937 582
2333 838
217 603
17681 80
6185 839
30218 8
8739 58
4807 603
20362 23
4284 19
921 84
9187 268
3791 510
22050 48
7851 269
7718 953
1052 2276
31774 18
15229 24
2991 758
29949 74
22408 85
5858 126
31252 2
1201 8552
2069 27
16640 26
5079 128
23666 13
8501 567
18852 64
26426 55
9625 5701
17020 39
26733 88
11357 24
21772 50
5901 580
9955 4
5001 3973
7931 894
925 4521
7385 50
13025 46
1552 4
6873 153
2588 49
3281 433
29334 74
8075 1
5046 876
8693 8286
8973 7549
28731 65
5921 17
26263 92
8074 375
8025 762
29308 15
7793 468
15454 71
1196 96
8977 352
4526 73
2245 764
19988 64
13807 19
8876 52
7076 248
2273 24
19549 86
8276 2101
5225 162
4334 28
5775 49
7101 888
5880 6351
9344 3
15483 31
6538 5603
25489 86
214 472
25404 69
6736 42
25340 47
7863 55
3975 45
2247 6
7463 67
8915 2746
7897 1
28356 87
26346 13
3686 12
8525 5077
11585 17
10657 61
22881 49
2169 758
6120 23
361 85
2276 267
1743 2535
26257 67
6503 27
7241 156
9775 52
24648 12
4461 96
6821 8801
1373 29
3453 924
28214 26
4569 505
5253 266
1325 17
19986 73
18785 34
25443 62
6071 6471
7332 39
9621 337
5761 335
21579 60
26395 58
22478 16
32596 35
30553 65
7391 2368
27450 42
17946 22
10421 48
29740 23
9605 1166
1091 152
935 15
25903 12
926 3587
1001 5569
10024 3
7267 9009
9573 858
7297 378
1105 5511
1041 294
557 65
8737 80
7521 441
7683 898
1170 390
2626 127
22576 64
6377 85
16289 64
853 8115
11621 56
10116 1
8905 64
7781 456
4977 8833
25167 43
3796 981
17640 60
743 476
4795 982
5268 61
9353 19
12211 21
9896 95
9873 42
10750 2
5395 260
32173 42
29210 85
10567 81
26462 13
29860 1
10748 33
9701 990
3985 377
2049 957
15729 95
23182 26
1979 758
22689 63
12607 28
7337 796
3900 742
9911 2
2325 958
23721 63
1059 85
4634 778
25914 10
271 475
4281 1101
6150 664
15411 83
5140 14
10697 22
8153 765
12361 43
12895 71
17574 20
4023 113
19688 97
4821 898
2529 981
32708 25
2865 611
3689 935
7107 4929
15936 67
3717 79
269 57
3115 8181
7769 151
15504 2
26697 5
4577 129
4050 3
7927 65
5466 95
213 3556
15557 71
2405 1253
2161 769
49 4744
24284 56
6361 1853
25153 51
28558 39
4245 665
22802 17
5665 538
881 9211
25652 84
19124 19
6545 3141
3120 799
28072 85
8304 24
12478 3
5565 5611
12838 20
6760 13
18945 1
1751 991
2648 586
901 46
2001 757
3831 79
1446 303
5660 21
3102 5484
7668 850
4881 901
5248 5695
4427 784
7957 1895
11449 90
7505 920
8187 76
4767 15
3167 7581
8403 407
9673 423
2691 533
15584 32
17416 55
9943 607
4175 62
19374 79
6334 753
6893 327
2741 5093
8526 641
30920 11
9750 63
10451 2
8901 102
1128 587
3800 383
7071 55
25240 67
6441 917
5774 18
13313 49
24816 6
1881 165
2626 21
5183 1614
4862 806
3486 611
9707 57
8310 6829
26035 44
17449 30
7856 164
4501 4585
13256 22
1985 505
7045 192
18445 12
1301 823
705 181
9205 6701
6963 431
3126 996
26536 24
6105 673
1184 9
3166 44
3148 668
9293 2555
25814 63
3393 71
2467 70
17644 11
4873 155
4463 94
13636 74
8577 8313
3819 7745
9489 615
1995 21
6581 709
9889 1281
4763 78
3661 90
4298 418
921 8549
28084 2
27372 69
21536 79
30591 72
12396 12
3221 169
4023 46
9711 284
31396 75
7537 616
276 890
13399 49
2358 9589
1496 71
14063 24
5214 819
8672 84
2331 5945
9297 8058
18648 14
32371 78
1451 552
23058 56
9885 626
2569 468
15488 44
9444 65
3873 961
6941 278
1960 713
4473 6426
7371 571
5561 451
3351 583
3545 112
4203 985
31932 72
3070 5361
17410 65
9348 252
32667 62
3249 655
11445 20
5929 92
29232 11
3085 543
27680 48
9356 378
2514 29
9241 535
4578 6815
2307 411
18298 52
28791 39
7091 87
7455 633
5245 674
28023 30
9099 28
5890 23
5575 1612
9321 402
5601 233
8881 428
2820 19
9506 6932
6393 806
566 575
6216 734
20437 90
15304 84
5517 211
25034 56
31031 28
22161 62
26677 43
8090 84
8842 982
5091 68
12885 89
14069 85
7045 369
9681 330
2234 18
3551 4225
4225 709
19710 92
9191 3533
2766 357
27313 16
13307 74
5121 8334
1833 18
31617 36
5512 955
2023 83
7221 919
4390 230
21357 59
1284 8645
9461 588
14442 51
3917 699
19805 94
6199 123
12277 44
19277 30
6078 78
12343 40
4882 451
24408 2
2351 25
8913 569
22405 91
4849 629
16448 78
8258 664
8943 2299
3323 89
1211 6667
7331 7
12366 3
6960 42
2118 31
1121 5881
13048 67
6901 826
28012 11
5585 555
31515 50
1351 683
23530 76
8477 288
5 931
827 5735
8105 430
21284 32
2217 70
31030 34
3873 756
13679 57
3975 588
6756 46
6205 155
29409 80
7861 312
3264 801
20881 16
14453 28
9636 4568
26657 54
1021 197
22117 99
2423 969
16868 26
4176 149
2439 83
5525 899
1529 7945
13694 40
28542 44
997 3571
2324 316
8689 7889
31203 96
9545 361
2280 563
32487 60
1640 842
6087 968
8536 610
26436 73
7817 765
7333 1251
1121 386
5633 1273
27554 59
2681 143
2987 99
7186 958
9996 531
1969 413
4207 729
929 552
13164 1
13178 23
3925 828
29416 95
8561 775
9744 5656
15754 6
8275 1461
16925 94
4269 276
18045 63
1236 18
2182 71
10643 70
8619 225
9967 7860
8594 816
2623 15
2077 740
3691 16
6541 7313
9223 401
13463 46
20190 68
1780 227
3841 855
3841 833
2127 471
16238 32
28993 20
5431 651
271 353
7259 419
5936 768
6368 83
31282 42
26598 84
6137 3501
5761 335
5396 3
17790 64
1658 1828
9188 48
12957 72
1497 386
3076 24
8761 573
10742 78
11214 68
3871 4029
13137 91
5211 38
1633 562
2326 35
3581 1377
9545 277
10433 12
29670 79
4301 283
7459 7490
20198 86
6051 4776
6353 3979
5887 297
7614 450
3213 496
1880 355
151 68
20709 15
24728 75
8051 39
10985 82
23382 49
9822 875
12223 19
5041 391
7143 1341
12844 58
12548 57
9401 4341
4968 97
21546 8
8393 149
7495 8277
31934 98
5958 8
4314 87
6873 75
14534 77
4406 48
7101 3153
21144 9
3319 7266
4631 617
31298 30
1121 264
15723 63
12143 34
2993 586
7469 604
4061 840
3209 6357
17402 17
27895 94
30824 40
18716 71
2801 566
48 27
3709 422
3857 22
3521 682
18722 99
4208 176
624 56
29729 25
8369 659
6401 713
3779 872
24035 23
9724 41
12181 72
21363 44
1692 68
8867 95
8631 1005
1120 781
7709 15
25468 37
17091 65
21054 48
2419 75
22686 67
769 3801
10397 23
2935 708
5851 693
9028 32
19889 7
475 469
24623 10
11792 93
3634 87
32129 62
7106 4861
11468 80
4176 252
13299 42
31858 59
12975 93
3081 830
9741 513
933 51
7327 918
31559 84
25831 29
30710 49
31575 75
29255 76
8257 313
801 636
4593 9928
4534 39
11530 21
5265 4250
28113 28
7201 247
5173 862
30760 28
1331 4876
5374 46
9271 50
30819 16
28879 78
7002 1709
5807 129
3442 6381
7841 885
6297 991
7105 96
8731 5
21503 23
7099 32
1901 3706
23086 99
19803 99
13073 26
1035 3041
4833 38
7041 312
12666 79
18518 70
9145 3874
5059 5943
3605 95
4416 100
2911 294
4060 282
5926 746
3443 98
3780 1
5799 82
9331 296
11966 26
22638 74
1967 7301
2636 969
15174 48
8657 17
2396 1439
9813 524
8213 984
16069 14
6537 47
28808 94
9594 109
3743 75
4621 97
3562 33
28541 32
24007 60
1624 634
3490 80
5793 572
31654 4
14450 41
4189 813
7971 280
692 40
21644 44
7489 4
6903 9
8277 702
8695 344
927 80
9148 460
6614 42
795 470
2133 851
25586 70
26521 97
28436 93
11071 11
32344 41
5369 15
8321 5257
30340 97
6181 872
9001 765
4790 79
8262 61
9275 52
4130 46
6532 98
3255 67
2963 438
11405 93
26335 84
26583 14
9346 89
4120 870
30457 59
7161 8813
19715 61
6723 6133
19122 10
9062 548
3827 798
3473 504
1226 303
5405 55
19583 81
18049 32
18589 23
5725 555
1088 17
9411 941
23043 91
9093 173
27198 4
7493 933
9539 917
3704 44
28260 98
25531 1
30743 16
4797 3001
4409 35
7801 469
4211 535
23597 96
31552 22
257 378
7164 44
1852 525
4808 92
15881 38
18541 7
7490 501
10128 97
8532 32
8986 9967
9043 74
1217 665
20944 31
30061 18
17491 28
6903 66
21070 96
1163 213
6163 478
1865 91
1740 41
5784 26
6429 825
25951 40
28678 97
16862 28
3605 77
28278 92
2107 44
21 988
1179 728
704 387
28911 87
10005 38
907 666
28531 97
5857 490
9171 549
25290 1
11569 30
938 831
22370 44
16589 34
26259 74
1144 59
4085 831
21695 52
27437 8
7827 10
5746 3601
20416 96
829 581
22822 57
24954 13
9745 1569
6721 7697
6065 148
8930 79
2257 17
971 491
12076 87
4345 246
10683 5
1932 57
30416 22
11776 68
28045 8
2081 6841
31918 99
3233 8
25955 10
5137 282
3469 92
12927 87
5005 461
5873 796
6207 296
9665 757
5998 937
3773 851
4012 76
20373 30
8570 1281
2251 3249
7721 142
1570 449
6583 650
3925 638
8575 9741
19609 33
1358 39
2483 2653
23366 31
21216 7
5833 195
23544 96
1233 8425
7627 997
24160 85
8287 550
4845 28
23077 76
3816 99
6088 6
23922 40
8665 26
27262 61
24560 55
18062 83
29844 65
26966 55
130 28
5589 86
6603 523
5951 90
7031 117
3758 21
28883 98
4322 934
4142 47
63 509
1749 93
9497 224
5071 539
4318 6335
2263 1979
28334 15
14789 56
8991 7903
8869 54
1921 91
8347 230
7177 841
21573 6
6617 9751
11927 52
1492 312
8923 7656
7632 86
7954 85
3995 222
841 623
3217 1425
5789 82
22997 75
3794 562
20664 81
28730 72
3061 7193
7673 248
7015 167
387 5310
25325 60
13888 62
22633 95
15443 59
32687 40
11415 29
8065 919
21073 88
20799 33
6326 324
3649 256
2072 571
21401 7
1219 241
2386 611
31807 48
7901 4250
1822 535
19794 19
19248 90
8507 53
7907 702
25571 65
11866 94
7351 277
9911 227
27867 86
23215 32
9837 356
30800 45
14546 98
21310 66
6376 83
1640 89
11584 99
24768 32
10791 30
5193 601
6741 2821
4912 59
3396 85
9097 114
9501 222
19051 17
5 815
24757 82
30061 67
5277 305
19036 7
5561 3878
25422 5
3561 7985
32693 80
6660 35
4711 4177
29969 18
7281 3581
4493 773
2276 276
10954 14
3788 8859
32466 48
16693 90
4729 40
10683 42
9351 598
10785 1
31007 72
12991 86
9403 8
11351 51
7336 1489
31607 35
2760 98
30756 11
849 2661
7494 747
5801 6797
5119 308
23708 75
4863 815
5610 92
191 808
1833 6713
8961 355
1037 831
9585 1260
3625 389
23535 36
7604 695
23375 49
3677 547
26815 54
1541 960
14640 79
15078 77
1501 286
25874 54
19394 94
14008 12
23197 18
9329 724
8183 95
21603 39
381 355
5757 5789
1152 241
31715 6
3280 696
3901 229
7901 552
19601 21
27496 10
5029 775
31321 17
9998 498
23792 69
3097 743
23016 33
3190 3311
24362 6
8641 4926
10973 84
26564 50
10017 37
6040 5
23733 95
31370 66
7633 308
9561 193
24749 40
25051 63
18976 19
3769 199
2344 380
3751 9097
9523 5
8356 64
19900 6
1006 166
18007 4
6483 58
28728 38
8192 980
6469 350
5351 652
8297 373
4559 1682
23229 7
15585 91
8441 826
10727 43
3217 53
7408 216
4007 796
7573 564
28903 73
32199 72
5051 286
18199 77
30128 47
2126 8961
882 304
9147 276
8300 22
3889 20
287 9397
9161 7019
27237 6
1747 43
8956 4877
9167 300
23428 27
17118 52
18058 79
6366 5081
32193 67
32671 69
15648 96
4733 62
3787 6861
13795 54
32014 96
27003 12
13559 29
6437 62
3486 586
7399 4
9801 500
10572 95
6641 564
29438 16
8681 7217
27650 40
32450 53
16439 84
6265 7476
1025 10
4817 70
11701 14
5072 837
21410 48
433 4247
11491 80
381 801
21390 58
10075 71
24329 12
1241 6426
26048 47
21878 28
9233 468
6353 876
2157 1945
6420 568
21179 72
3993 851
8110 71
24976 42
20612 89
3333 377
24787 57
3825 668
7956 715
29876 64
9301 1221
1165 931
7411 9231
26854 23
7301 846
8157 580
7091 7157
28820 80
4985 28
14576 7
24111 33
26697 96
29 251
19 525
3809 2183
10924 71
811 169
1153 529
6741 199
3603 148
28329 66
22239 15
5796 5801
6850 30
1462 50
5473 93
14183 66
19248 37
7529 5631
1241 867
6346 25
22674 97
3099 827
32201 83
15543 70
7815 1347
4616 712
157 6513
609 361
679 624
4411 7543
3416 84
21561 89
563 2858
9058 6934
4977 959
8832 5826
7033 27
229 977
1604 99
3441 257
6149 133
587 312
14796 79
4137 4
2305 536
1440 795
1232 82
4089 3131
22890 6
31914 24
22935 35
32652 4
7101 169
1531 2080
7788 66
4683 2757
7352 180
6100 92
31266 66
25228 74
15331 17
11846 22
7228 3
8754 3663
551 608
5339 897
27867 85
27007 7
23317 30
1914 17
1540 681
2601 9729
30117 36
7899 211
7583 9329
8800 4879
5096 349
25704 98
6425 312
15062 12
6586 466
22098 96
14764 89
5979 18
8638 98
30246 66
11319 66
29842 29
1601 35
28387 84
959 1962
4230 55
22683 87
6152 70
1541 530
2570 993
1634 79
27232 70
5206 222
631 2847
9601 938
15090 79
9725 86
9986 699
7808 793
3675 5723
11950 68
2528 7337
27629 46
5538 243
2982 8736
5751 3193
9532 42
3281 3981
22557 95
5259 62
30235 22
7860 373
3175 526
3731 1485
30781 67
28924 44
5066 967
5837 215
21387 77
4965 58
9783 58
19382 64
719 34
1057 325
1959 8424
1193 403
29160 76
1041 439
4094 9961
6855 126
6281 190
8321 5590
6941 818
16429 7
3981 364
6122 118
16264 69
9918 77
8151 538
16174 31
11516 64
5101 732
2051 266
5648 390
6065 5821
12455 38
26953 5
6496 552
1397 146
9939 992
27502 66
1398 46
5303 8149
25614 2
27718 89
26589 18
5702 53
30228 23
25202 36
15205 59
7361 56
2477 479
20981 8
23227 29
6791 3066
2029 38
3989 99
15747 20
5271 272
30243 96
31144 36
9889 56
949 541
5875 130
8308 14
6571 84
3637 3901
3597 821
791 332
4088 2446
16155 37
22215 67
15465 27
57 2361
2001 711
6846 1679
9776 67
9009 30
11266 67
18857 98
7017 614
2610 436
8481 768
4526 962
7630 713
2053 7055
3226 171
5646 979
20960 28
7112 65
3361 8209
5650 73
393 529
6986 272
26238 11
10942 62
14947 76
9861 375
6685 1610
1663 49
3996 383
5225 331
3623 501
9782 993
16566 84
30642 40
9264 44
5351 7723
12151 71
32105 90
1465 3701
1797 4121
8825 429
23922 45
5432 28
31970 76
1625 765
20995 76
8010 95
8309 8549
6297 603
5816 632
7568 3273
6323 485
5253 661
2825 261
17470 73
7883 69
7823 91
24060 30
451 9167
16088 15
7895 12
14903 57
1559 41
1951 2
1217 911
3581 4813
28545 65
1417 245
13946 35
5258 37
19146 30
18992 61
15428 16
523 1613
19084 48
14170 1
6021 97
9289 266
4189 7256
1602 735
1089 1
30372 17
8826 585
26412 87
8241 7081
3518 330
3477 80
27079 27
3601 8719
3601 521
3557 41
20282 49
8048 966
1837 864
13345 78
20699 60
31363 54
10763 26
1692 87
2698 27
29832 67
22808 21
7879 1017
6081 815
4075 9
5649 467
12412 39
3494 87
11072 20
6902 92
3057 726
9972 686
13426 43
3221 50
23775 60
24831 25
110 34
9713 222
7257 919
2905 93
2531 9073
29051 29
1061 450
204 40
3538 40
31796 92
1645 200
1768 670
22553 23
9211 7664
15319 71
14303 55
6071 701
20145 19
8187 22
4786 18
8737 951
6483 86
1333 607
11993 83
1 15
8701 38
6985 50
25574 63
3871 75
10342 66
5793 154
31830 73
5333 732
8149 635
7938 253
9057 180
6134 913
4116 402
6557 14
5423 99
28799 16
7226 577
2639 661
2863 24
32058 48
4747 16
27526 45
18162 80
17662 42
1105 411
3043 756
1975 581
32513 51
31563 71
1057 614
15824 15
3133 9829
13301 12
5559 35
32259 7
454 603
6402 9
14286 23
7041 497
8657 852
28840 41
9075 1
32765 78
27207 68
9433 4987
281 190
9491 956
84 77
3066 68
28939 9
1870 610
8261 645
556 56
3237 935
10547 34
4627 79
29442 65
190 3932
9074 23
14675 45
4634 74
28578 34
6381 49
967 725
20672 93
4121 417
15550 13
25580 6
388 75
4175 4226
7076 7069
6435 44
17514 19
3601 947
25400 93
2281 245
2589 37
2548 94
4423 8964
17151 61
4234 7
1944 79
6821 460
30617 46
6964 89
15084 96
9661 7405
961 829
7789 233
25663 27
1103 6257
10894 2
8209 720
268 61
6925 970
5366 9501
5361 591
7369 5311
22547 62
12331 47
2819 87
5083 4643
8521 885
7719 3417
4501 851
1172 355
5332 814
7231 304
24591 19
23677 81
3639 97
3709 80
65 555
9238 2300
7619 728
7213 511
8883 853
12124 84
10047 38
26464 86
30510 89
19336 42
11569 73
25470 19
7321 281
9913 3185
20427 98
6762 446
113 129
151 136
9276 894
21717 31
4499 47
2261 8
1091 827
10427 43
9987 113
5237 72
9398 688
7172 306
6645 150
6236 930
14885 68
335 827
32157 82
9945 564
1624 109
5997 592
30014 54
9487 6169
4248 22
5320 60
5401 755
11276 24
18066 80
5367 494
9641 9959
5641 8041
8465 479
798 153
20251 56
7609 14
8919 10
7978 596
5527 99
3250 1
7902 894
6532 620
2969 9128
24367 20
3795 214
1053 481
9646 13
9824 235
9258 58
6968 561
21364 93
27139 54
7093 607
7887 719
4908 9785
16827 93
4257 975
6180 206
22802 34
14176 1
1541 890
1153 130
2354 42
24242 30
26120 44
5287 19
1172 200
20684 34
31595 71
16708 87
7537 839
1956 25
13568 23
5051 333
3951 4537
4117 509
28113 40
941 366
7969 916
7990 279
10452 2
3937 3917
3960 507
5939 86
19493 81
20887 9
931 168
9235 44
4551 467
12761 33
2881 751
10374 81
10264 8
1351 962
6971 524
31950 32
7193 4161
4121 5988
3681 211
1134 46
2177 495
8693 72
32512 72
5459 43
201 865
2156 543
8725 605
10797 49
6078 418
7841 2852
1023 469
3342 70
15510 96
2352 6403
9325 449
5829 12
9741 64
8749 8867
5055 30
26345 89
8493 32
7897 9521
3689 963
20852 78
3827 48
7023 9095
9626 7
341 44
3912 80
3949 940
2231 27
7649 2661
5753 251
3636 519
2708 362
8876 4328
2940 7596
3818 21
6971 82
211 6061
9694 552
4950 8
1936 524
6557 195
5289 276
8246 663
4000 533
831 249
5640 28
7315 22
2036 3
26453 10
15557 3
5242 321
4945 641
15149 84
19974 37
281 712
5841 6399
4731 694
9105 9567
1424 404
27611 6
9940 198
15878 11
4929 82
5369 21
17727 26
5768 64
3804 62
7351 393
1612 94
23859 75
21850 59
8619 310
28009 36
7656 61
9359 766
7056 357
1777 383
4033 7597
32419 41
20911 78
221 1697
6928 6533
23021 7
11180 32
30785 32
14403 58
8761 491
551 38
1206 92
4391 360
9721 5729
1833 61
1853 7825
1063 967
23927 8
4767 22
8872 954
26925 82
27060 9
22724 77
5637 836
26986 79
20240 51
17857 22
29594 96
1017 89
2494 978
1969 340
21590 91
4651 3966
1599 1763
12338 99
9473 74
4697 620
28058 78
15197 80
2588 4521
9086 27
551 951
98 69
25126 43
4056 59
32589 88
18445 8
28502 61
2018 1655
6946 2064
8757 188
4081 7176
32721 76
25777 10
6909 3783
25155 28
4131 559
23265 39
1758 35
5027 107
2897 401
6620 252
31203 29
5265 396
601 801
4349 491
659 94
2535 827
3044 25
2537 5225
12000 7
6113 793
27595 78
9185 15
4241 472
29043 29
26123 10
9009 636
4241 992
2811 412
2690 40
19516 67
5633 487
1033 8371
24724 67
9126 622
27000 90
155 488
221 208
2647 4
2969 8884
21520 36
5739 227
2391 1703
16351 87
5770 2520
6526 97
5857 116
6575 23
2259 70
322 12
19323 72
32105 27
8011 161
17415 98
9777 8343
5449 19
3001 988
7409 595
7649 25
14067 56
5501 630
28173 75
4586 88
15176 61
30314 63
8321 73
1732 49
595 836
10772 56
2316 8285
6108 419
12607 59
3554 22
7873 988
19890 10
12660 12
1133 95
798 12
7898 709
19699 78
4135 116
14827 76
21639 87
28918 22
6196 81
1010 77
2956 1
23867 26
22412 7
5904 33
3157 84
3694 712
30699 5
4106 16
7823 12
3376 726
1441 5740
32128 4
6904 92
22492 60
372 65
2913 317
9263 37
334 955
2324 893
4237 145
6059 30
9226 5400
6761 840
4571 4991
11709 91
4510 36
5718 32
4289 762
7343 53
8909 938
29896 52
146 880
6551 851
29054 41
8909 740
5521 73
29377 15
8003 661
4254 49
2308 70
25039 15
4257 970
5496 357
9673 682
15592 49
2931 747
2608 14
5745 44
7221 334
4319 60
1329 652
19549 62
508 32
8426 21
28575 27
6694 99
22456 72
2225 217
7161 12
24921 32
17493 38
28867 64
23877 76
5851 920
6589 8585
380 8591
7150 75
22620 63
2662 345
8648 96
8001 430
16233 40
20871 29
355 111
30595 74
7264 555
24212 39
7197 413
7211 3925
26828 3
7613 146
5321 258
7668 38
8750 5481
7913 399
9258 15
6494 283
1273 53
2065 9201
9524 16
4349 4987
23188 93
3999 5
17540 26
3817 6986
6438 97
921 5269
8699 252
8892 835
6181 291
2015 46
4323 8006
9235 573
2249 4
4611 864
5556 605
8864 97
6321 1251
3443 9091
5714 3446
9235 284
4228 51
19785 14
6199 4123
19624 75
31431 63
10039 85
18015 32
17519 18
2360 94
4701 794
4494 9647
5739 9
873 361
8150 378
20345 36
2067 675
20872 10
4410 10
7301 566
18588 7
7558 28
25583 51
14348 75
3065 790
1104 3
2529 72
9686 368
5097 11
16230 55
8637 1486
19385 35
24048 19
6772 68
4253 431
11925 65
21454 48
6540 3697
7141 282
6689 8945
8495 973
2448 5690
4890 591
16540 26
8918 89
9069 8323
9605 453
24221 29
18065 35
7910 87
21425 90
2733 858
20023 84
3376 41
26299 11
20525 39
9501 956
5285 799
1979 503
6401 811
19528 77
5193 110
4271 4089
23039 33
2865 5972
11452 26
7490 36
9387 54
429 319
7431 331
3092 1251
4067 84
10436 49
9513 759
22498 79
23569 84
175 66
7741 55
7792 38
8337 48
1477 55
4811 425
28505 95
369 993
6476 78
9723 570
1997 538
19994 52
29520 31
7583 29
2591 560
30561 38
4556 225
12362 34
3765 223
673 172
20988 78
270 60
7736 31
5279 775
2002 241
3775 1561
5301 5791
30890 61
5201 8617
23322 71
7801 671
5297 709
32034 59
3573 75
2552 251
32379 33
2336 37
29910 14
7965 762
501 254
31048 65
29845 44
11477 2
23973 55
2179 7515
29271 33
3087 7969
26925 69
13725 41
3930 19
1237 4449
2842 73
3973 1206
7561 945
467 164
5438 8529
27 236
19459 24
27384 96
8789 745
9261 762
4462 54
2187 6239
8945 6001
6114 550
27809 62
2523 678
4411 216
18879 60
9917 9561
13035 79
4277 2
24791 92
12198 7
7414 501
5915 497
9861 654
21630 86
9189 82
8691 218
21245 68
8789 595
8024 15
12682 17
18530 64
23418 92
4374 991
5601 333
23201 25
8191 891
3815 6033
7135 37
13172 94
2650 484
8607 55
4240 3285
8526 647
19110 77
30196 75
27295 40
8601 39
7007 13
2539 8001
18114 53
14309 69
273 859
13059 91
9153 721
9601 5009
1873 692
18135 79
7975 563
1797 174
4770 49
6991 838
1073 8151
2826 632
26823 46
507 175
27209 76
4093 480
19384 78
12942 42
3466 619
13307 26
2404 238
731 81
771 7791
2542 569
4189 94
22524 67
8837 226
7959 9603
8875 858
29111 99
17129 97
17524 91
14023 52
3191 971
1001 960
1425 690
9471 643
66 98
28052 59
3489 303
32656 36
5725 896
29959 65
4520 64
8961 479
884 6877
9566 55
12115 62
5386 10
7469 785
1775 2911
5866 1517
3579 490
1028 1783
7019 13
31870 93
15231 97
12676 47
4661 754
13978 50
18075 99
2393 61
15989 35
21716 5
685 57
160 182
1290 719
8785 12
4821 749
3275 811
4791 105
3601 22
13595 49
22044 86
1526 439
13521 39
9939 6449
12982 53
25203 82
7466 27
3601 151
13835 16
10174 77
2592 444
29295 73
9581 440
22140 7
3558 930
9166 8295
7012 720
4768 5281
352 564
32556 64
2029 2553
23163 98
1159 251
1027 87
1417 6833
2366 76
21863 64
24042 57
9003 835
30603 29
17492 51
27084 87
28611 55
8486 184
8049 62
24546 21
3531 595
2521 659
1474 14
9089 158
20518 36
7205 4386
681 484
16589 31
17603 79
27891 25
3051 972
4449 97
2755 976
2385 182
3809 923
9877 18
3121 598
1526 824
65 271
9190 806
15404 28
14059 97
7626 2431
7061 839
18733 28
30446 88
2098 588
3624 17
7971 9811
23206 50
4920 6201
725 4
8233 707
6353 701
3233 390
5921 9941
23928 67
6123 234
5343 662
4476 159
3929 59
505 684
2371 1255
7633 77
31429 23
144 2543
17730 88
18300 73
26180 34
22404 96
20238 9
7357 781
8890 600
877 328
1448 750
29158 92
9601 602
30968 1
11446 2
5896 869
885 314
9886 31
10744 64
10560 88
22626 88
7853 559
3013 21
6822 25
7259 248
4042 6971
1186 5009
8601 7921
9561 526
24976 50
20651 34
20640 51
15747 63
24896 7
8771 3243
9864 230
2351 152
2854 5177
8025 4
16973 97
5903 272
6659 97
2481 596
31414 48
19426 73
8469 30
9101 863
28581 85
30345 63
24009 73
1 557
345 722
8961 97
9249 3320
28798 43
4260 57
5781 567
2481 5351
7095 1885
7313 3969
8780 42
6187 41
785 4495
131 285
11858 84
15801 51
497 4319
803 69
9505 5969
6849 491
8561 286
3461 8905
17293 91
27750 97
27326 80
16956 22
641 895
9351 26
7464 71
11814 66
2578 210
3701 799
26639 9
6234 21
2989 627
6053 17
20510 56
9417 716
8906 8
19625 63
16761 45
755 773
17709 8
164 94
8386 819
21970 24
4334 11
3110 616
3858 48
416 450
6694 794
22622 16
6973 861
5079 149
20880 85
4237 767
4766 60
17511 86
3513 45
6948 60
11447 77
8564 7
570 581
2651 408
129 2093
2809 8118
11995 60
9096 274
5137 394
10898 66
2001 457
4436 518
16895 95
12245 14
11234 96
20993 95
7401 6778
2072 48
296 591
4012 87
4688 8
5190 84
7652 85
4771 89
2311 209
11787 29
4030 71
2718 8938
27456 79
24406 61
1001 630
4510 888
30442 37
25482 24
640 295
22 198
24483 7
7100 9105
29014 60
1565 4761
19441 36
9509 66
7777 953
15100 18
27915 31
13492 68
14231 71
209 461
16495 35
5021 369
7586 7
6833 3305
19146 30
2569 913
8619 50
28452 14
589 89
18100 29
9427 918
31817 98
30435 32
6807 581
14417 92
5495 495
17794 9
5579 664
31872 62
7777 606
2898 163
3691 594
1550 55
24831 73
247 5
27008 79
547 65
26937 3
26878 69
17127 22
17718 50
973 2089
10527 79
22925 60
19430 53
3773 536
303 82
9820 10
2049 378
30021 89
8247 401
9422 51
5297 558
24163 34
3175 28
4005 776
1026 5729
21185 76
6681 5601
2757 8203
3234 733
7413 8596
21184 20
5067 8746
9310 887
25690 29
21663 89
2576 124
21074 54
28890 71
14095 53
8501 882
5015 4745
5247 55
12051 34
11678 5
19036 80
6270 819
32306 1
30960 69
27962 11
24594 1
3146 5425
3935 356
2301 348
7679 52
26767 69
16835 67
3521 897
4001 35
27312 77
18094 25
331 130
22745 46
20586 84
9797 4479
7868 975
8640 613
1617 495
4361 910
3971 81
1062 49
9933 80
491 859
9044 11
721 9959
6011 689
6161 1414
6318 24
27540 98
30380 72
18463 85
13089 73
8230 148
5627 674
2087 97
3802 953
2491 565
8431 1563
473 203
7581 705
7494 33
2985 9811
1995 598
2525 187
8755 39
1882 98
9985 447
17317 29
32129 60
5886 281
21467 11
6157 94
2646 50
21372 88
28435 31
19491 4
9415 56
726 3381
4997 290
27570 89
4993 91
3421 6
2536 8339
4805 292
4223 719
5632 490
23052 67
967 7591
14565 35
10861 52
32314 14
2036 306
8914 59
124 96
11320 72
31418 47
19904 90
31397 94
9823 151
25428 38
2176 9945
7222 38
5570 496
276 795
15794 12
1021 1209
2053 407
5743 161
17023 94
901 68
28715 8
2691 483
8689 6887
9265 249
9873 2449
21830 80
31510 82
8580 50
818 319
31531 31
6945 8
25635 35
18216 89
13045 71
9021 506
5654 828
9726 338
7841 944
80 48
5960 68
23137 18
2345 28
9349 280
1722 552
24076 10
1157 955
8744 2177
8821 32
6861 4850
12116 35
5101 1011
7034 372
26948 35
30383 58
7857 324
1913 296
5588 23
31335 89
9113 5001
1337 429
17094 43
6945 810
13701 71
8896 17
14906 83
7513 148
4801 2913
22291 53
19910 8
12284 8
21860 78
25595 78
2954 68
6767 41
20385 25
4205 643
9815 447
16399 16
20963 4
15433 42
2053 942
9163 2899
289 336
8283 103
25160 4
241 231
28060 85
9805 214
17056 51
8657 84
28834 34
2746 39
13096 66
26787 59
8121 2749
961 406
14999 73
7157 4852
6134 59
1393 614
28560 55
2049 6745
16047 66
10494 18
1739 248
6382 24
26148 33
9343 165
2779 668
30441 31
4622 8
10504 77
4633 793
419 879
20815 46
27228 96
2590 44
6051 7744
1107 2
696 109
4144 734
29682 67
20539 95
1311 646
16942 30
7846 16
9309 9571
5009 68
6274 209
8451 116
8408 35
2353 409
28494 88
31731 42
14173 90
2672 919
23744 74
22072 55
9987 898
4869 838
10754 58
3807 18
894 11
3091 6940
14502 25
9405 266
329 526
32471 70
5263 8191
6574 417
8985 58
4041 941
7086 34
1969 9571
6577 79
9085 888
13829 11
6801 267
2645 752
4785 545
31217 47
4069 372
665 138
1241 137
31836 77
11454 27
27148 85
21502 93
300 436
9851 626
2777 965
31230 94
20431 64
1705 809
31480 44
6612 6799
30138 41
2636 402
9429 4376
30399 90
18713 8
1105 5751
20420 48
27029 22
7 169
18601 69
8137 5686
5535 3281
5987 548
8397 94
5886 688
25201 67
4576 4041
28387 15
24151 47
7833 903
13692 28
8719 331
22639 25
7457 288
8183 3176
9531 9395
4117 12
9122 7215
6001 966
22080 14
3409 66
20078 76
24302 43
13887 25
4529 7553
220 700
2036 896
1881 419
17821 11
5460 834
6481 687
2641 603
5118 119
1 132
599 78
1317 307
7397 535
23478 70
5854 426
449 3537
21169 65
32436 24
6773 17
2968 3
4213 685
10066 79
24597 73
4484 450
2159 283
9201 4793
2053 8961
6227 1935
2381 29
3735 24
24945 45
3575 601
9582 1
11311 48
28879 23
611 142
10610 44
22036 48
3259 5881
9762 68
951 638
14582 16
25364 96
5213 42
9840 59
5045 37
11868 83
1928 581
3285 331
21984 14
1301 2086
3601 147
4081 479
4785 494
10776 81
1617 3050
6511 248
32061 70
21634 37
9341 568
1281 448
5676 4057
9957 7281
2153 189
10614 11
5239 152
4405 99
4729 467
3239 8953
8234 2124
673 681
1023 38
15275 92
4626 16
2943 2401
201 4239
7112 97
3513 9941
1447 59
5831 7795
1269 63
6588 2536
27524 29
481 885
5501 455
201 3529
3989 24
6867 4009
1590 414
1573 91
2867 355
23596 82
17170 7
67 816
571 987
5166 68
12031 3
3148 44
4451 360
26899 66
21943 50
2951 61
21422 52
7237 553
421 9340
9778 276
5809 329
19405 91
8124 64
5301 44
4699 23
7351 6991
18115 36
7841 25
27606 13
4163 304
27267 30
7511 92
2627 772
2681 411
5537 7199
2629 851
16275 79
15092 64
6205 52
38 504
14692 19
331 990
286 783
3134 92
32598 1
9076 70
28799 3
23424 94
7755 3
5609 636
12517 30
14230 52
7799 894
30977 74
8101 689
8168 79
13637 23
29424 3
5305 67
4601 6401
2711 911
17716 44
1921 627
3977 26
3247 2065
1614 856
6843 1869
30774 69
3167 31
15756 87
51 210
30169 62
6914 257
7601 4876
6695 261
29498 75
25273 71
24300 92
4401 723
17379 63
8611 476
2140 447
22044 64
25226 37
21838 63
4792 95
3136 97
4129 8041
8137 23
5604 45
2136 11
30253 92
9555 3781
19125 51
15838 1
3714 16
10378 11
2488 942
23134 66
2750 623
3126 987
2241 169
9169 24
129 1
22090 94
2822 23
23318 35
3969 869
6491 969
2868 6689
5350 8878
32718 96
10646 57
1765 929
813 9370
8773 799
341 35
6881 279
1794 186
5395 917
8709 59
32268 92
16594 55
960 2955
1999 1701
27210 75
3781 9001
3241 909
24856 71
7475 3861
6508 170
18800 55
6181 751
9997 424
15069 12
16420 11
6246 79
2665 292
2981 764
5886 2501
5001 178
9956 91
4673 797
869 946
5247 797
8220 53
27412 72
601 9061
21170 42
5213 93
5399 989
28244 89
21676 53
24980 45
4640 255
1618 40
29995 9
12946 84
9529 1961
14378 93
6617 4397
18569 57
7087 97
773 1301
6642 3879
26086 32
912 361
28638 10
25740 69
5771 886
17177 81
7934 91
11180 93
6609 188
14864 43
1114 90
9441 377
18724 60
9396 877
9026 63
31894 42
2041 7876
3097 8501
427 6325
8193 8437
2594 46
1500 958
22622 86
15602 62
9273 660
31737 46
2643 699
26914 62
21856 41
7856 614
9964 266
4929 291
5359 240
2966 501
19016 86
5112 833
2441 533
2521 579
4535 133
9812 602
23092 54
17293 63
5279 425
8808 715
7511 929
4804 104
10580 70
11872 7
26219 93
4107 77
5854 109
361 895
22843 4
6451 65
8301 914
4021 477
6109 8181
20783 35
1765 89
7078 132
19849 1
6061 14
20191 9
15914 73
6171 39
3925 78
10925 16
9217 2333
27745 92
1374 81
32461 4
15376 11
19638 30
12345 35
1736 9101
7797 718
8385 4026
2331 282
6079 4
11562 32
9945 1793
2481 888
6251 965
1433 4273
301 5572
28059 20
6013 319
23037 51
26605 56
21475 33
6365 82
22020 74
28475 66
59 902
9716 679
841 210
28639 47
8221 213
8953 880
9449 98
1688 486
3527 228
5479 597
24781 27
21207 26
5569 859
3017 26
9119 541
2182 9121
8757 557
15607 54
24442 1
1816 695
26662 47
8729 104
6543 539
8287 594
22656 92
694 9797
7207 438
7066 179
7213 96
6486 671
5061 8015
945 753
31047 37
18004 88
9771 9227
556 4253
7907 769
5601 3921
1897 741
6833 8797
4904 6434
9131 3462
5220 678
24538 83
11688 20
20199 44
3477 7365
5942 50
28410 6
4879 57
6471 613
3568 355
1527 861
8895 270
21608 80
9251 35
7698 392
10218 66
4396 13
9093 587
9544 255
4660 719
4432 87
2914 247
9394 178
8477 2801
16644 54
11235 78
7644 997
3965 3346
3941 4263
9153 547
6153 582
7631 32
415 803
2404 90
10142 37
2045 3551
427 45
25074 5
9343 557
5445 638
28758 98
12555 69
17864 57
17387 39
8071 40
10249 71
9467 9220
7592 86
166 730
19839 69
11158 29
17035 82
2104 6
4977 539
9681 816
7033 865
2999 8946
27401 49
27412 13
10473 98
6693 14
7313 3977
1062 61
12667 74
1486 456
6561 4276
3418 7
23918 61
8343 97
15256 48
15237 81
6703 913
4649 9004
2128 759
16182 51
7168 86
31360 73
10139 15
2173 78
17384 12
5580 97
281 82
21457 3
12641 57
9137 49
21206 62
2271 579
9777 537
6167 81
28868 52
8577 62
4051 813
9586 429
23934 20
27680 84
25602 50
3391 9796
22218 58
1049 30
4235 6477
2001 128
5489 7555
97 39
4384 80
9463 548
13751 45
9971 428
3219 984
8552 407
8561 263
22803 22
3679 954
4756 10
1 848
1992 28
24417 96
9278 400
7445 544
7877 109
860 53
24299 43
11784 3
1719 2885
5133 4012
16727 12
717 8895
3217 981
3051 2937
27308 4
977 127
19183 15
57 2594
145 405
2186 82
6361 167
24248 52
17514 79
3324 89
18111 2
22728 73
1012 51
29994 37
19680 95
1409 582
3673 936
18969 2
940 104
11499 98
5243 9281
13384 13
6308 952
9267 355
9477 4289
4229 973
6149 4671
2311 465
7239 336
3053 12
13908 18
1281 741
5671 17
8603 1953
1945 51
7550 81
23987 38
666 646
31063 79
8226 580
8774 30
29493 97
7709 9
29247 88
19214 58
7381 5171
31374 16
20190 50
26783 28
16118 3
4928 4776
2795 34
246 4473
26998 11
1441 952
32235 51
13552 37
5123 94
2024 1
28286 84
29180 65
345 777
721 961
9945 38
3266 89
10236 38
17226 78
30138 1
9774 831
8257 23
22750 72
1209 1189
1254 2245
3718 45
11874 20
2994 432
22755 37
5305 937
7435 873
9950 621
15976 48
2183 94
31506 14
485 700
9105 99
9721 4679
7761 748
3172 6541
973 3751
18592 98
6895 328
19659 43
26009 31
5656 68
2510 9579
3406 34
4898 81
170 99
3801 6593
32180 82
1221 470
2384 16
23551 46
18254 72
801 495
211 858
9099 750
23550 70
6665 813
3833 10
21890 67
6469 726
16829 25
7169 884
2395 42
28825 54
19982 20
15856 33
24235 94
8521 707
2546 580
3077 395
6489 125
24192 21
1235 183
1244 7292
4045 66
9711 7629
2132 34
16952 35
2941 51
3196 882
8378 92
8576 72
3280 33
1521 305
19478 79
5265 132
32579 58
28798 73
1860 601
8843 3343
24083 27
6249 406
254 51
19714 15
2929 266
8118 95
14715 51
3463 10
4156 291
16122 88
5868 553
9963 22
3900 401
3841 9383
15385 70
5827 82
11992 74
10858 88
18531 77
6881 361
7399 288
31162 64
5923 69
18350 88
4232 20
7789 16
1482 70
2355 373
8420 604
9289 817
7385 3313
2376 21
7041 45
3285 9613
7532 883
23761 18
12987 98
8256 2161
15883 70
3371 928
13061 87
24869 72
1430 870
7957 6417
8447 215
32056 16
7106 107
9101 970
5141 9883
23378 76
4289 7901
19132 3
11 410
2124 97
8485 75
1313 864
23041 94
772 523
5344 38
10788 96
31996 84
1101 662
32318 82
29837 54
27826 57
5314 641
2775 5793
13529 12
14431 44
5727 6
6316 926
13609 16
29754 30
23748 27
1388 15
323 12
9707 79
9796 8899
3725 740
4161 755
2144 7617
23277 94
8637 39
29757 88
26 282
3809 927
6991 2459
461 108
15884 8
8841 759
1640 391
6013 269
19855 47
5921 1703
8486 8241
3465 31
4362 73
8174 4929
5529 69
8689 995
3361 466
1828 486
5642 68
2367 7709
29706 95
21181 67
4390 561
26342 45
1839 718
30187 20
200 46
4591 626
9559 88
3066 4265
7592 73
20059 56
20759 11
18746 87
2073 175
20902 57
2222 4
5744 36
27148 8
3179 866
257 548
27590 81
3007 7045
10499 63
3844 15
24547 19
15217 9
7564 13
3586 528
21787 21
6183 71
13145 29
21835 51
5854 483
1841 8251
6275 897
5975 88
23252 5
8837 326
5311 29
7481 21
26394 53
5311 207
1310 59
8161 368
17723 80
9684 42
30031 82
29240 19
6895 271
20673 17
23477 77
14112 12
28396 88
9127 373
4511 15
14513 12
2426 521
10847 65
4474 991
5771 555
501 513
9249 93
12085 24
3913 119
15962 22
9518 94
14141 53
3795 9421
9921 4653
24348 14
30707 34
2820 74
4841 193
8170 717
644 46
11526 31
1535 88
9941 5633
11217 85
19113 23
32178 75
6115 56
12945 79
1564 803
6001 2940
2225 119
3917 18
15288 59
10966 44
26448 61
7169 286
6805 221
21655 90
7608 19
4537 51
9675 291
25244 29
901 551
17260 53
3721 306
14136 85
3509 257
7737 7905
22968 26
3630 477
18888 65
32241 55
12506 60
25491 29
3386 6413
10068 58
3339 455
4971 740
31642 30
29105 41
19240 81
16571 64
9517 418
10001 83
3531 157
13576 95
28451 9
3603 5861
8977 656
14771 55
28661 81
12958 99
4905 298
4361 6
12120 78
31957 86
5363 972
3905 218
6189 8162
751 7934
5409 821
4395 2065
13465 82
1229 3787
3979 861
6545 224
3033 187
26545 51
466 805
2702 19
4822 10
625 957
6361 8933
16343 20
2700 999
13665 6
1434 38
12807 61
4409 135
4501 223
6386 13
1151 904
8131 293
24268 11
18963 69
4161 8701
16932 3
1633 6153
8511 848
22222 98
22754 42
1189 738
18103 87
9561 272
5819 4396
4801 4521
15849 52
8409 119
23202 99
14003 99
5977 21
5190 893
14081 4
25724 75
9010 30
31418 97
8964 21
22832 29
641 593
1836 964
1962 549
6226 611
14891 2
22235 49
6567 181
6917 722
1753 244
961 786
16736 22
595 9605
15543 88
7433 8
6273 471
5589 271
21039 79
8504 1105
26375 95
1251 816
1153 5675
21080 23
215 867
9219 13
5708 9323
24514 61
11276 13
16571 18
5761 244
8545 660
1809 8621
9707 3
3241 674
28381 59
3175 930
6505 476
11345 7
9361 1131
32543 69
2886 10
4461 426
1997 60
4241 315
15715 76
4491 6051
8070 634
27394 7
4029 548
7987 16
816 9641
7334 799
8621 324
12819 78
19694 4
1557 3548
6461 716
3529 224
29989 87
3591 532
28768 29
20162 78
30038 41
8823 940
8767 5711
31030 25
8193 604
6135 4251
6967 399
7825 2141
8503 97
9571 48
31017 19
5804 28
830 651
5942 526
24501 22
4754 47
27026 22
5797 267
15903 36
18837 72
1750 98
3634 5823
17080 19
201 869
25308 60
7016 2
30430 17
23965 99
9905 324
7122 1367
20016 46
13242 34
32171 99
17475 65
8830 135
20599 41
1850 34
25546 81
8501 590
7543 9821
20416 11
29991 99
11583 34
12724 94
16661 69
9422 766
27623 96
5531 638
25635 2
5029 799
5371 518
23677 46
971 4972
7859 828
25857 81
9480 28
4341 316
16506 38
19417 88
11308 20
6353 244
16467 94
9642 515
14831 83
5591 112
4137 43
30159 58
4876 372
3689 90
23073 87
20120 76
4696 35
776 21
1617 769
15664 59
30281 89
5769 489
1873 3103
11761 68
445 12
9731 534
5081 154
411 8
1401 7640
25186 62
19521 50
2928 26
1616 777
5409 691
8623 63
31816 88
7275 339
4838 984
5341 72
155 36
27886 17
6111 334
18006 91
3637 729
7335 759
1155 564
995 477
4305 1237
8641 540
22016 21
9948 22
501 87
1752 6598
4531 8381
20870 97
2841 200
5957 3891
28980 85
17188 85
26147 98
8417 223
23801 30
7531 7696
6738 63
18871 70
9513 93
7070 800
28092 47
1106 7313
1301 43
7489 91
22331 13
31938 54
12585 56
4792 88
9223 457
1571 9249
21909 82
3958 88
2103 553
2527 9
24942 51
20297 87
12397 61
18243 29
24785 88
8433 149
26655 12
2385 401
5601 6188
8412 36
16779 28
5679 59
7844 95
7931 39
2648 3470
2151 7035
8785 359
8501 6620
8745 2281
26222 87
19628 50
2431 539
10653 63
2187 667
3594 378
5289 1799
16800 74
9791 812
4669 237
7861 75
20928 5
17088 7
19521 63
12513 19
269 202
6841 6833
23291 23
2692 57
5778 4461
16189 95
15826 77
22226 68
7359 849
7991 26
7241 8591
2571 25
3401 36
10495 33
26225 27
15963 8
6141 341
13464 68
2152 72
3924 8647
6004 86
4905 5387
290 564
449 981
31365 65
4068 852
6823 134
1447 90
28153 80
5697 741
5345 7726
1911 5558
8625 296
6821 6543
11783 68
13446 64
2399 453
24153 18
19214 81
18325 24
801 8562
18261 19
3325 615
459 7
10355 1
2999 450
18823 45
15924 93
3532 84
1865 2841
31240 57
1377 31
3254 149
9309 796
8241 8217
8177 957
1991 52
13928 31
25019 61
3561 219
31297 80
3271 256
22027 28
32373 88
22258 63
30172 56
2420 522
1480 26
8195 304
20928 49
3476 839
3468 412
5366 461
3226 201
711 762
30200 32
21978 2
7476 463
23952 92
16568 98
31241 36
1393 687
3947 8969
1757 245
6929 6833
9041 8698
6294 939
28382 7
18281 28
5226 7761
555 242
25725 62
4121 630
24350 6
5733 2745
24526 72
8145 329
19783 65
36 463
6353 2
20041 76
5177 59
1001 235
10431 9
909 775
30279 62
3751 1241
9482 491
1141 90
2810 48
1269 431
4775 1005
14383 80
26960 91
1823 86
7829 116
7623 66
9751 3426
13131 72
5744 227
10113 90
11034 80
3549 3625
137 48
5402 5
20108 89
20270 24
8865 868
5109 955
2418 69
2030 7505
13484 35
19165 91
20573 47
9123 81
426 813
21685 31
1097 907
12824 34
25529 41
4802 4193
9190 99
9588 134
6929 865
20110 93
11265 35
17269 3
6563 1405
6393 49
26078 23
16584 83
8430 87
5121 8383
1852 21
29713 23
23497 2
7967 56
5918 9
6201 347
6555 115
7136 6
8253 117
17669 24
2431 717
7313 112
7370 456
7571 896
12716 68
31932 25
5305 377
26811 81
25658 75
7852 26
6242 22
2703 5006
6903 4
3601 442
5426 923
11169 34
9457 52
4417 157
4782 57
22885 31
817 232
30785 85
19310 88
4429 635
1066 58
15056 44
12127 98
8839 47
8061 14
8389 951
583 53
4427 632
14355 53
6705 399
7372 33
4278 294
889 617
3141 3679
13423 92
5499 4014
9873 441
5915 10
27374 28
2009 6367
2971 4715
2450 3683
9464 6
12022 16
5741 423
11795 76
27892 70
9940 54
10286 45
8626 5217
31867 36
1710 86
20625 71
6471 344
557 41
9499 96
19933 70
7450 438
16945 76
24018 50
10512 13
1937 883
15070 19
10228 23
5480 273
26811 95
9101 405
14263 26
5651 7473
15047 63
17043 73
9019 6436
7631 366
14889 72
4038 64
11118 26
3068 10
6612 2
4912 443
9685 519
3233 282
2529 3953
4269 3727
10388 24
9507 9514
4684 49
7121 55
10443 18
7266 48
9451 377
14543 8
2961 7776
22329 66
8682 12
30820 93
9416 91
4994 5729
12558 39
9313 2993
9857 600
557 725
9341 420
6575 34
1661 3621
868 598
11107 35
9374 9
5812 30
7220 17
161 926
7034 615
7801 302
23737 89
5009 95
9881 278
19595 61
2811 43
31482 43
32579 92
97 25
5934 9151
5426 385
13835 33
4601 940
2785 927
27695 87
1728 91
24392 97
12485 53
15667 15
16394 45
2881 381
8769 451
445 43
8854 365
593 755
5969 484
3897 67
4626 59
13612 94
20652 76
9768 69
18523 38
7405 73
6651 728
24190 73
9311 971
4849 16
28464 60
1009 8291
299 257
835 46
6759 93
5219 93
1213 905
8743 554
1015 124
2406 18
12729 72
391 158
3249 507
10699 69
6801 202
4501 49
19238 52
16729 66
31830 49
8713 474
13818 37
4828 59
21740 15
2481 5399
8826 181
104 1841
12349 86
4648 80
619 293
11549 15
10152 44
5073 5446
3003 9
9574 2
24566 3
9701 4171
8025 87
13476 13
26512 57
6983 668
9036 828
2405 6841
2619 49
896 786
10051 57
2895 235
71 609
18026 82
23175 14
14339 96
9761 51
2565 608
10593 88
17501 89
2001 608
8784 8543
1713 3171
7405 91
3491 73
195 2051
8561 1111
7789 988
7762 992
964 340
6636 476
3491 433
8256 92
2030 42
21300 88
4254 45
8501 7761
8194 6663
4589 952
6088 272
12526 87
6539 72
7022 66
5260 876
17971 91
2528 61
4390 9187
7744 9425
1506 81
27830 78
1861 676
20324 34
31247 35
7316 7
28486 25
22994 88
7203 125
5066 42
2341 506
5297 387
4447 16
8961 335
12836 41
1573 4900
1363 695
7032 63
16776 22
4939 17
11075 75
31511 48
3221 950
2363 93
9961 461
25623 55
6301 187
9397 512
2046 255
431 293
18571 95
1899 17
6792 17
26548 86
2701 820
8989 1824
20932 6
6307 28
13831 4
12752 22
6225 8921
3683 19
525 8
6480 451
1408 126
4085 659
5044 860
17911 30
3936 171
31423 90
20910 58
435 500
405 36
29256 90
29019 51
8013 20
15979 5
30532 96
16734 29
17447 57
1828 7681
15 226
4869 21
26855 8
29555 92
9921 410
1498 304
9601 799
1853 467
6097 3711
13402 15
25838 8
31372 3
19240 9
7345 969
7597 494
1120 58
7294 316
7455 894
9062 227
4425 6817
31390 35
24300 35
15195 27
14151 68
2011 465
9543 1569
23617 42
8689 477
31462 6
26661 97
14546 62
2321 9473
8321 473
7776 265
27700 81
6353 4549
11180 42
16500 91
16111 80
8674 940
6205 249
4763 4335
20329 32
6431 257
1489 553
5176 7615
9141 932
9886 885
1294 298
7977 748
7449 66
2155 385
6635 61
1631 883
1637 7257
9501 628
3077 21
7562 735
1905 90
5658 556
3711 905
24690 67
22254 36
2276 71
10901 58
6104 1609
15962 38
24490 72
167 1521
11466 65
9041 737
23101 9
8885 626
6077 357
2431 96
240 8
32698 51
13236 16
28634 21
31810 78
8786 16
18737 90
6817 628
7901 41
4867 7329
27325 19
24992 9
12744 30
27568 96
1868 94
19542 43
1167 102
10850 60
6374 61
4895 310
2451 742
22890 80
18473 38
3063 26
3947 34
2498 1968
145 2985
7851 994
5470 970
2401 7903
4310 64
2456 280
8253 360
10750 62
13311 82
525 602
2517 8841
4476 154
2182 96
14265 63
11562 39
15112 74
12389 56
3441 4721
14682 54
905 180
6579 92
14678 36
4998 381
6143 48
1417 780
6885 199
7312 79
3999 6319
5471 23
17350 51
28635 36
7994 290
17964 99
6140 69
3013 577
2723 14
27285 27
27692 70
1438 66
16537 37
820 6
6131 3841
521 850
6689 164
28001 27
18047 67
2061 49
7181 663
1517 36
22824 95
31044 30
15019 74
1321 617
4892 439
1078 4
4201 980
14653 75
22289 93
12167 58
1301 3197
13777 93
13200 98
22857 92
16503 11
22409 57
6353 148
7555 76
5368 735
8789 9105
8339 26
3558 72
3079 742
9149 76
681 148
5961 382
16897 82
5825 515
28309 79
8691 793
8863 28
10873 42
13890 34
5555 28
30578 47
4241 7999
28397 99
2380 78
1125 220
29696 91
9156 381
3012 945
655 19
5439 85
2481 124
3521 598
31561 30
27791 97
9362 940
26389 29
21751 84
3537 271
6041 527
353 74
8457 6976
7244 215
2109 21
8962 60
28305 62
2601 807
31246 86
1311 7401
2758 98
8241 74
10489 14
6099 8171
31356 29
9121 52
9482 86
9713 961
3510 942
4601 680
9671 5392
999 753
11668 97
2201 3
29141 61
15381 52
3206 21
5065 685
19347 99
8586 308
8218 1241
2433 890
17987 32
5738 36
3085 475
6729 88
9594 612
19807 63
26929 32
3273 1457
17213 93
3949 53
8501 685
26504 89
6561 7355
27139 93
114 99
13292 22
19718 13
10236 77
32154 63
944 775
8488 734
9647 81
5731 247
4013 373
4721 92
18267 87
3330 577
6951 9491
29941 53
3333 42
523 438
27235 89
26790 64
21691 29
22184 28
19819 14
2801 773
19160 30
19145 43
7881 782
5691 1951
8383 62
7681 315
9324 81
32014 41
1411 464
20470 42
29154 82
8394 54
23631 48
451 262
7708 67
6928 298
4305 33
705 726
32235 90
4055 29
3838 6437
3401 50
15860 94
29787 50
4993 7635
16462 79
18953 78
6893 3901
3701 833
18557 13
7430 89
13227 45
30746 10
5196 43
31834 46
27795 36
3531 58
13301 17
6641 5999
3825 710
2347 406
18615 98
2277 1033
12377 61
7889 368
11335 20
14600 11
5585 113
14976 78
1110 90
7605 255
22978 89
5674 5909
16851 32
4341 301
5525 368
6722 541
5985 849
8755 49
8661 565
10354 71
11527 38
573 314
19269 35
7970 9426
6336 446
8241 574
4884 30
2057 12
8901 7037
23048 33
431 23
6901 4475
3871 5539
20711 21
24315 49
2301 910
3147 9621
2316 95
6297 217
22473 42
576 678
1509 63
1703 368
15790 38
1991 350
5089 421
6067 221
24267 78
3467 415
8267 23
7233 8151
9439 89
30857 13
27970 78
6337 7665
1069 2661
7527 705
3768 37
23881 28
15397 82
13907 7
15266 80
5286 909
9312 46
7032 11
30856 38
24818 99
7697 859
2404 864
1605 58
8318 37
18978 63
31847 31
13384 46
9421 56
6135 963
5181 201
9084 749
9163 26
16360 71
29644 97
2497 25
32643 70
27983 62
25406 23
5985 1601
2365 953
27064 20
3937 316
1367 3278
9297 5601
2337 72
6781 758
30892 84
2948 316
31526 36
3031 510
2177 7113
1121 3706
6014 51
3551 26
28211 98
1976 2857
3926 735
3263 408
8215 243
28925 74
16172 72
5181 172
4099 488
27194 68
2220 80
23 101
1154 82
9379 889
15274 65
24153 51
1935 21
6457 494
15582 93
28603 89
6944 206
4493 531
3363 1201
1633 120
25234 39
5077 970
2857 154
4289 186
19805 4
23589 86
17572 29
6070 7
23868 8
1017 280
22822 57
8073 45
17015 56
14678 75
19733 10
901 8826
8273 151
16952 41
1804 94
30955 48
7395 104
31006 98
17599 52
17165 96
6201 427
2526 30
7934 925
8351 5017
23847 85
3565 8629
2861 9699
9537 243
23487 42
9201 2213
3793 71
24441 52
9653 7
265 682
9626 90
31846 26
8129 393
31531 35
419 69
16605 11
20568 99
10271 14
7449 847
1042 19
9886 85
545 208
345 989
2466 7601
30372 15
3581 715
6019 1
17032 3
4077 2337
10780 9
27513 40
2633 8341
6647 59
4169 959
26425 63
40 62
6218 717
9353 897
3717 454
2785 239
441 688
20972 3
1725 6213
21396 10
23802 37
3154 923
12435 47
17292 43
2569 190
27292 10
8041 277
5086 803
5354 43
2989 605
17657 30
9111 31
28582 19
12744 64
3932 17
31221 76
5873 588
8389 776
3281 837
2180 308
5065 452
8629 688
6251 623
4387 30
2649 131
4948 228
2203 39
8851 150
8235 433
19970 27
4867 167
9213 568
20126 84
2961 652
2641 628
20146 92
2107 164
2777 5529
1617 76
7569 57
12868 64
12348 74
30355 10
4946 9905
881 612
5171 387
721 201
23996 41
31639 98
4913 321
26051 20
20475 41
9321 6921
4762 94
21015 55
3137 907
29139 69
24449 57
159 141
5036 214
1571 469
4831 646
8370 223
5159 864
9121 186
13751 97
30803 32
17588 75
1241 247
8862 101
1369 155
8683 257
8225 505
4631 264
9238 275
12123 20
7751 802
27088 63
7305 3211
187 46
8039 6818
9770 32
5258 244
16493 12
7303 866
