695
8974 7
29779 3
649 8
841 5
399 3
3379 7
426 8
3938 2
22260 8
14905 7
12560 4
363 721
369 7
4743 4
24285 3
959 8
30595 2
15469 2
297 7
601 8
637 2
24044 8
32354 4
20425 3
143 641
89 5
7712 3
961 81
30640 2
229 3
15571 9
16306 2
233 7
21269 2
501 9
26444 8
31 4
945 6
937 7
449 9
467 197
18667 9
27981 8
23909 1
18784 4
27273 7
24848 8
7946 5
659 1
20884 2
901 1
605 8
8145 2
7871 4
400 8
587 5
445 5
759 2
40 3
481 698
781 51
15875 7
359 5
394 786
1440 1
9567 9
28708 9
30490 8
93 6
24126 3
941 985
189 9
141 281
21990 1
161 5
1408 4
464 69
859 7
642 933
20298 3
140 3
640 9
37 3
25352 8
289 2
219 9
22541 8
25512 8
755 607
7854 1
19254 7
17062 8
576 69
215 881
601 5
452 2
857 8
161 4
7658 1
225 4
716 241
18435 1
12385 5
451 819
356 69
521 5
969 854
443 4
955 7
600 9
15440 2
19531 7
901 5
171 9
549 8
5832 4
18419 4
193 2
6713 6
31425 8
413 8
23753 9
27535 7
2080 8
19457 4
11165 5
16872 3
731 7
2879 3
331 871
560 5
17303 1
426 805
20579 2
28415 4
143 4
22764 5
936 583
51 6
31697 3
25992 3
15383 6
16182 4
12939 9
19489 8
26391 5
633 860
26875 8
319 6
29016 1
2068 1
20910 2
28938 8
981 9
16049 5
10035 2
30620 4
791 351
14190 6
239 319
13227 4
29075 5
204 5
12909 2
996 8
31288 3
17637 6
269 1
1 3
63 9
306 571
22308 5
812 4
240 4
433 4
19049 3
833 7
20314 3
257 6
295 9
256 7
1677 4
980 915
2777 5
789 9
742 2
14607 3
8851 4
29133 3
916 1
14153 7
13073 7
632 1
863 5
17379 2
11227 3
573 4
691 6
7288 3
266 4
12911 1
449 8
345 4
4593 8
751 3
21830 4
15440 6
105 8
21846 1
628 8
25642 1
26768 1
4245 2
168 6
811 705
12410 5
381 1
28829 9
7741 5
1245 3
23804 4
27376 6
1662 1
16552 9
7110 5
2520 7
381 8
626 7
139 59
177 2
21321 9
850 8
3193 1
23870 7
125 9
7670 3
471 441
576 6
996 2
5632 7
531 1
817 3
577 3
513 2
7982 6
3304 4
13729 9
11 3
25358 8
26883 5
4638 6
11873 9
65 4
20212 5
323 6
871 7
10518 5
107 9
468 446
10913 1
13447 6
28753 8
23685 3
643 76
521 2
934 5
3263 4
15324 2
14699 8
2819 6
79 7
14087 7
691 7
24905 7
501 5
113 4
502 625
16584 1
13476 2
21019 6
30265 3
16463 4
15010 8
31584 7
20952 9
801 6
6862 9
859 4
2618 8
30477 4
753 4
23305 2
20134 7
29448 5
833 1
3140 6
721 3
17797 9
337 4
693 1
614 3
101 1
21 115
9313 1
30839 8
31154 7
342 3
21 609
28953 6
89 474
273 5
32221 1
643 3
861 9
697 746
24335 2
546 545
557 5
473 61
29356 7
15637 5
13472 6
676 191
876 451
14958 7
81 1
13834 8
10197 6
6953 8
833 3
27507 6
79 7
548 5
288 7
20701 2
16022 8
161 7
15837 8
27047 4
641 5
949 45
134 8
13872 5
691 4
27772 6
28763 9
22974 5
30600 2
61 7
87 5
20701 6
282 6
369 8
5130 4
497 2
870 5
487 7
30570 8
885 4
20268 1
31222 2
13984 2
24486 6
8366 4
438 4
13336 9
29096 6
1092 9
729 21
31115 4
28539 5
19555 4
3034 4
429 158
395 7
565 9
38 944
659 7
185 8
795 751
896 212
143 225
18048 7
793 381
837 7
281 5
25120 2
1410 1
375 724
27153 4
453 5
349 6
29711 3
19481 2
269 5
993 824
561 9
27203 9
95 6
295 6
351 9
7241 3
384 215
591 7
589 7
967 2
761 800
17162 4
30216 9
23805 3
889 8
587 1
16329 5
2575 7
505 9
545 6
11162 6
2974 5
21693 1
32497 6
626 1
11035 4
742 6
624 1
12416 9
13838 5
21274 7
4493 8
746 6
2632 2
27441 7
351 530
557 8
483 997
381 3
540 1
25159 8
569 7
32046 8
35 4
649 9
990 1
529 3
221 881
176 496
429 3
169 7
25175 4
587 541
53 660
153 857
461 785
251 4
542 3
22737 7
1498 4
7501 1
862 4
315 3
24456 8
26615 2
69 6
14570 2
10032 9
14015 6
9235 8
41 5
12323 6
2637 5
11827 2
20159 7
16117 8
525 551
761 7
12721 4
25264 6
99 4
28876 8
889 4
1269 7
411 26
24532 9
15889 5
19189 9
4319 7
32231 4
539 6
31880 7
199 873
437 3
6862 6
26010 4
728 4
32 6
971 146
31454 5
171 151
26090 4
619 7
15362 9
27868 7
2761 3
76 7
9296 3
171 2
801 95
27336 3
24181 6
568 116
225 385
743 8
161 9
719 5
13884 5
12761 5
22090 2
701 593
18759 6
614 181
8115 3
31303 5
926 6
905 3
968 919
22824 3
946 5
13930 8
7471 8
11645 9
957 5
21792 9
151 7
8217 8
981 4
301 404
3537 2
30536 7
811 1
4396 2
10987 8
163 4
15449 4
191 3
15604 3
73 3
15572 2
17 7
14701 4
541 6
564 7
28192 3
341 9
11747 2
897 3
805 6
445 4
23663 7
4702 9
17106 4
13922 6
218 6
356 5
18975 1
197 2
226 4
10192 2
12790 2
16310 8
516 4
556 551
161 961
3285 1
336 8
632 7
16044 2
900 4
29 3
81 1
29002 6
2746 3
793 2
9302 8
780 1
25774 7
17252 6
16582 7
6 8
617 441
877 7
711 1
660 9
26684 4
30567 8
20433 3
23062 5
597 4
753 481
561 3
27496 4
32594 4
405 3
297 553
14318 2
665 7
20168 1
32254 1
965 7
24838 9
12131 7
313 2
19664 3
14623 7
741 9
201 4
220 4
521 6
751 4
757 9
13522 8
484 981
767 337
633 551
8279 8
12958 3
17215 1
585 1
4591 5
537 9
373 5
2427 2
761 8
655 5
28662 5
10156 3
49 3
908 33
14978 7
20691 8
755 781
816 766
141 5
990 4
6153 5
14471 6
15896 7
75 3
5322 6
761 8
29204 7
19649 1
876 6
841 381
231 2
11941 1
10584 3
41 4
12864 9
767 7
9374 9
501 2
31020 3
757 66
15793 4
29973 8
29773 8
785 8
15427 7
19625 4
10200 8
791 7
12615 9
25243 4
924 293
30295 4
23776 2
461 7
2145 1
28677 7
5762 3
32489 5
271 22
25259 5
25059 6
5808 6
454 9
379 201
31965 4
127 871
20538 5
11658 8
428 4
13237 9
9619 7
11342 2
1 9
