227
1 336
31072 5
4183 6
1353 7
17 5
18336 7
16067 5
17161 6
16469 1
24691 6
10401 3
371 7
1 9
10315 7
533 9
23221 4
89 971
32620 3
32125 7
15379 7
273 217
519 86
852 4
17715 9
14690 7
4856 1
32378 4
19164 4
843 1
13603 5
335 816
735 2
795 801
461 4
571 4
675 345
4766 6
331 847
28098 2
5 3
25719 6
603 8
15605 9
30134 5
231 5
32260 9
23202 1
961 2
28356 7
26491 2
4576 6
20 691
25211 5
525 2
385 6
4968 9
649 681
16847 3
129 2
11196 5
810 8
30666 8
10271 8
4772 4
821 7
7893 6
22633 1
151 3
897 7
609 1
609 6
4070 8
197 696
311 2
907 549
2541 6
589 145
35 4
12850 9
724 3
25966 4
1605 9
233 7
961 9
856 1
913 90
237 361
441 4
89 9
376 5
11347 1
958 7
16896 7
265 3
13589 2
24907 2
884 9
901 9
22423 7
750 1
19510 3
8400 4
496 181
9013 4
892 9
976 8
1 9
925 4
20806 1
213 6
31438 1
15373 3
14322 3
765 533
11922 5
697 736
901 301
826 6
245 1
29053 1
558 3
30188 7
12523 7
32289 3
9081 1
25719 5
509 3
5233 4
748 524
961 395
26118 1
16274 2
669 2
26711 9
16354 2
17163 2
553 4
536 8
18562 8
13127 3
27746 1
701 1
521 745
613 1
19153 9
21759 6
32538 3
478 7
3183 5
1582 6
27346 4
26347 1
73 7
791 3
543 8
26997 7
449 1
901 6
939 685
12088 1
28606 5
742 6
901 1
675 3
19945 6
2185 8
537 787
79 7
13395 9
9807 5
26228 4
5444 3
24261 1
87 3
169 8
13549 2
28639 2
27235 1
5086 5
25716 4
31782 2
15677 7
339 3
17382 8
291 651
32517 4
9947 6
9086 7
729 689
15959 1
25279 9
29173 3
573 2
23517 1
30570 1
4530 1
8818 2
921 261
25669 2
27466 9
105 346
5619 8
301 6
417 275
17625 5
31252 3
89 91
25073 2
14750 7
631 6
951 7
649 2
6914 6
421 6
19158 9
837 2
23264 5
6667 1
684 3
3310 7
31005 2
305 6
6481 7
2969 6
27544 6
604 753
89 1
