492
21272 2
11599 7
393 7
28565 2
6873 7
428 6
4822 3
31500 8
15808 5
23129 5
925 6
181 801
635 3
745 577
491 5
21 6
19237 4
16724 4
3668 5
696 3
19107 1
4936 3
27687 1
549 479
22086 6
133 400
18640 3
678 6
153 9
2917 9
23138 1
9549 7
901 6
584 6
876 74
671 8
415 8
7695 2
302 92
889 1
314 2
3441 6
961 689
1666 5
545 691
601 6
2639 3
3107 7
31182 4
1779 6
3343 7
531 737
14355 6
3980 1
433 6
3657 3
20052 9
121 2
22776 7
514 731
5566 3
781 991
71 289
957 7
8310 8
31206 1
27506 2
16760 6
29831 2
15719 3
10841 9
6559 5
387 401
561 341
32540 6
24095 8
28683 4
3357 4
4354 7
21380 2
5225 7
24216 7
9854 2
611 1
785 4
29032 6
24833 1
29371 2
235 976
881 1
457 1
8800 9
876 7
32008 9
22141 2
8665 6
6066 9
349 3
7480 2
31080 2
21892 3
31198 7
594 5
16312 3
32433 4
625 686
30332 7
24042 8
2779 2
341 6
15258 8
391 3
553 8
31440 1
465 3
125 7
949 4
821 2
16985 7
30856 6
689 4
11921 4
29529 4
571 2
28385 8
791 539
209 8
7112 1
25434 2
5055 3
15032 8
219 4
16522 9
25024 6
29958 6
22910 4
909 901
851 8
7828 2
538 186
15548 6
169 5
453 251
799 697
8088 5
439 3
519 6
1080 4
29820 8
29412 2
621 2
25996 4
265 3
970 3
858 6
28625 2
25066 2
25901 6
385 3
573 681
666 241
653 3
1859 2
26251 1
6925 4
649 1
149 2
9300 1
19363 3
30250 2
680 383
6443 6
23021 7
4893 6
27738 7
153 623
18231 9
11056 5
31435 2
893 6
16816 2
32558 2
7353 2
420 25
26891 5
38 626
725 629
18911 6
525 2
15133 6
441 6
20980 9
10303 7
21 601
988 377
646 3
690 6
521 4
99 9
817 9
466 8
313 49
422 4
22142 6
10266 9
109 2
12877 7
21197 6
729 1
21960 5
80 6
6872 5
57 2
3572 5
631 1
11095 2
8331 2
4007 7
21307 6
673 1
13615 4
1 9
629 603
26965 1
10466 8
11432 1
274 751
19 2
607 4
686 8
21137 4
905 6
685 352
12034 4
20385 8
56 4
31148 7
8097 8
18859 6
11138 2
3360 4
21037 2
5563 2
893 385
5172 5
2070 7
370 7
9907 2
337 7
198 7
20266 3
887 318
845 465
32066 7
30161 8
27192 9
137 1
697 5
30317 1
7539 5
2736 2
156 7
702 3
4958 6
12441 5
27127 9
608 353
569 373
874 1
689 4
128 2
503 8
4638 9
589 545
28754 5
731 283
4417 1
563 2
31345 8
30882 6
22613 3
11216 2
851 1
12395 7
833 6
18486 8
691 7
16455 7
713 2
89 3
304 371
201 7
16468 6
96 7
451 555
18725 2
29122 1
25826 1
28991 9
401 9
801 566
324 4
15241 4
252 3
881 2
14105 8
23695 7
75 559
301 2
13564 6
11668 6
213 2
644 769
32688 3
19746 6
290 6
134 2
17623 6
281 4
19262 7
151 97
21926 5
22696 5
441 596
264 5
17636 3
16043 8
20015 8
19616 2
2344 2
671 951
17211 9
15246 6
19298 9
6875 6
4004 5
308 2
891 4
213 8
513 8
27105 4
7083 4
433 3
2722 4
24068 2
14470 5
633 3
17366 4
484 425
489 4
20240 4
18109 9
20201 8
9827 1
8966 8
22761 7
16853 5
772 9
993 8
8771 6
223 6
691 1
114 2
255 6
186 4
342 4
984 8
14563 2
10611 4
793 5
23 3
14283 9
16799 5
13360 3
25949 9
8955 2
926 5
26043 4
22508 7
16111 7
231 286
657 1
9808 2
29400 3
697 7
289 4
998 9
482 5
651 7
889 5
2421 3
367 325
45 7
16182 2
21651 5
527 2
21243 1
13651 4
894 7
20535 9
337 5
22124 3
30105 8
439 673
4934 8
17424 3
25248 7
9531 8
11070 9
251 6
424 1
9403 5
22720 8
29984 3
701 128
16485 5
26377 4
25847 7
915 5
921 9
445 8
29774 3
921 2
97 7
5287 5
461 9
20984 3
2704 4
15122 9
763 3
8464 1
6060 9
25902 6
767 421
475 455
10932 3
809 6
681 7
11707 2
25 4
7895 8
30847 4
10743 4
24787 4
942 5
626 5
553 7
1 919
10999 8
801 1
326 2
14050 6
385 130
4949 6
867 6
297 5
721 7
337 6
605 3
941 7
8565 8
14 5
328 6
320 3
659 9
653 6
9424 2
539 906
45 425
8520 6
24022 6
19575 7
434 21
31503 7
8043 8
189 4
771 31
29272 4
2 2
27588 3
727 6
273 6
21039 7
16996 7
581 817
14462 5
485 7
1629 9
12164 5
295 9
517 6
495 1
