338
6777 721
361 631
4151 372
10689 76
821 2081
4166 28
3655 15
6477 234
8119 114
23970 20
12926 98
26864 74
1638 90
5619 424
675 46
26595 64
3465 388
4833 97
7797 138
4469 42
8569 334
3763 423
8129 750
22614 6
15451 2
9664 1
24194 11
11664 78
1561 4229
23177 86
9657 70
17132 17
19410 28
24156 29
5344 831
4233 257
9491 528
1761 250
485 46
9169 2083
7219 584
8535 93
4196 18
20501 54
3547 3169
6706 465
2075 455
27767 95
11130 32
20696 62
31645 61
5924 71
18148 40
17549 25
25684 17
7261 7946
11164 5
8413 343
9881 468
6221 48
3051 427
925 865
4097 859
7355 46
1116 4262
7612 1889
11926 78
15514 57
17657 5
7843 821
31450 73
8521 8
12905 91
10748 61
6485 8
767 44
1441 334
6799 4536
650 540
11359 92
525 89
4625 413
7829 891
30151 71
8731 791
6723 21
1971 5890
9405 1885
16646 95
3962 84
7899 3513
9233 5165
2058 9
22890 82
15762 38
10528 5
16856 1
8948 961
1649 6849
2857 13
22081 74
4847 966
3301 4331
14643 81
24928 40
161 825
7916 57
5212 5
8251 332
8828 86
24469 69
5473 186
1026 864
20699 3
14552 85
6220 24
28181 42
32225 99
2425 737
9541 732
160 866
4276 266
4746 415
9384 471
7757 429
4050 471
32110 38
9112 6801
10409 48
2345 460
2168 4488
27311 43
8626 469
3601 493
30422 34
8870 9255
1431 480
386 199
3416 4
5082 223
10772 81
897 850
5973 97
28759 27
3349 500
851 4760
27812 43
89 7203
29409 90
9571 4429
8644 6654
6721 2446
4769 647
31974 80
9021 361
2881 27
2433 749
19860 6
8079 22
14022 52
12230 54
3516 4335
11698 65
6523 960
3331 4921
23638 19
2355 467
8791 25
5217 2495
1815 6049
9769 68
14096 36
6096 554
9369 499
11166 92
161 21
2526 456
8325 922
14974 40
24242 87
2551 228
6955 649
18474 53
207 974
16657 8
4531 161
14478 89
837 91
638 368
16953 46
28154 83
5204 860
3161 739
11310 61
13966 54
19602 1
6697 7261
9787 455
7285 5473
3111 625
24063 31
6224 542
4905 183
28552 84
8241 6691
7621 38
16744 41
20251 50
12026 76
85 623
1591 13
19011 8
31547 53
4877 114
3889 969
30088 59
9644 562
128 1715
1631 749
12078 68
2577 6049
1194 8
4076 393
5171 113
19560 82
9089 394
12210 79
2831 654
9775 261
3705 964
25340 68
1389 333
12738 20
5959 98
5361 1465
4639 9
11746 7
13511 11
1337 673
13605 99
4966 17
632 9258
343 16
6816 792
3751 428
11702 72
32618 83
5373 977
610 98
766 18
14171 41
2223 5517
2253 3497
23796 94
6467 750
18148 82
6105 110
15456 42
7938 627
8017 590
19703 68
14789 77
3248 90
30303 39
9336 4003
6217 49
24882 33
25368 21
14750 49
729 634
3333 695
7777 857
2173 102
1543 308
7615 987
7714 357
1619 740
9889 291
9420 3825
1429 7135
6376 91
19948 54
3521 182
6379 919
19396 17
7041 688
1641 815
27675 58
5641 409
6371 7824
9328 44
5558 23
6426 8
18588 92
6786 547
5322 45
193 16
3958 9223
4928 173
21691 83
8751 640
27147 82
769 5336
3254 641
6775 555
9105 3822
239 4822
1714 79
3323 203
27287 78
6493 735
9717 783
6626 557
2117 6165
27601 27
7228 242
844 48
2240 72
11007 44
4801 255
30184 44
24721 29
19415 63
7421 826
3710 87
26841 78
7796 43
5796 85
2823 1031
2993 16
4999 222
1217 9537
8991 281
324 174
6897 3501
7495 96
587 79
1745 6
