244
11 545
129 6
40 931
14893 9
997 4
12055 7
14683 8
842 8
22240 1
23439 6
618 577
14919 1
30579 3
991 6
881 8
19195 9
7380 5
20002 7
15729 1
385 873
929 839
808 7
181 487
481 9
88 5
257 6
721 383
10323 5
169 6
15271 1
277 895
791 6
30282 8
14626 4
601 571
293 8
11743 6
911 5
781 6
758 1
581 9
177 6
4508 2
16219 8
23316 1
983 2
32189 8
901 7
197 3
21564 8
893 9
18256 3
93 689
24523 7
15848 4
984 4
27408 1
623 5
19155 5
22281 7
27875 3
11290 2
20927 3
26496 5
30759 1
227 9
921 9
28530 3
20729 2
10670 7
501 819
506 71
3733 8
1028 9
29665 5
8613 4
5727 1
8884 1
670 2
896 4
416 9
17015 9
657 107
657 4
11374 8
71 4
441 9
6032 1
24053 9
29608 1
111 5
22238 8
25761 3
28340 1
30572 4
723 9
271 9
949 221
315 2
980 4
409 4
6378 1
957 6
699 2
481 69
26271 4
30901 7
10327 3
76 53
24890 4
29460 8
29005 6
711 5
11925 6
5583 4
727 6
85 4
8024 5
20122 7
1191 4
403 4
113 2
31058 7
427 4
601 946
361 141
876 303
726 481
10769 9
11150 8
14015 3
31133 1
11252 3
9250 1
10523 5
817 8
751 905
17013 7
628 2
921 6
31986 7
6 1
557 2
306 2
327 5
25827 9
26009 3
3582 5
226 1
29806 1
9358 2
5663 7
5509 7
31014 9
603 9
22 1
28212 8
18361 3
3866 6
26369 1
151 6
167 800
22680 8
738 5
569 9
24453 4
7253 4
687 1
833 1
23137 3
25 434
191 3
1107 1
131 289
415 133
997 1
2849 4
329 91
6961 3
21931 1
131 6
379 2
669 8
31029 4
4021 9
914 7
28597 7
29710 6
493 5
279 2
7929 4
749 9
23420 8
19215 1
31144 9
32377 9
6769 8
30643 7
32070 1
51 3
437 7
17026 2
741 3
6360 2
641 84
233 917
123 4
218 171
220 8
738 9
9486 6
760 44
741 7
463 2
264 6
597 4
181 2
3256 6
963 6
348 577
7302 7
985 4
981 7
20798 6
148 517
27868 2
789 5
889 141
9051 2
11109 4
911 594
28588 8
32335 4
26611 5
5173 4
239 4
110 5
2037 8
30408 8
726 8
6862 7
10031 5
11333 3
21478 4
