6494
2244 66
3831 73
4741 493
4097 5
25889 9
6665 94
2315 879
13161 27
3517 2218
18281 25
8250 390
5746 322
3292 61
3441 9083
13521 48
19156 60
10604 17
5083 3854
8878 4826
3560 10
29326 67
28821 66
8049 62
16562 84
3581 957
3603 74
5521 652
30142 29
9439 263
9575 630
28337 10
23821 58
9339 555
24348 66
22578 99
8337 581
689 841
3293 314
23062 11
24346 56
13159 63
31227 75
4913 949
5513 236
7753 948
3601 717
8167 88
18817 61
18430 16
24852 66
26416 33
4229 4651
2971 44
435 89
4733 45
1983 41
26410 37
6292 100
919 3557
9741 4417
9331 384
2909 80
17956 90
7251 183
7845 224
778 39
5406 867
32586 44
2403 3
1825 753
1611 26
30211 47
7539 53
19504 49
601 412
19416 12
1863 78
3178 7977
17190 6
16 247
6626 682
2060 20
26873 73
6033 96
5133 327
23560 85
26722 7
6971 568
17456 33
5485 57
11517 8
390 459
981 3277
20462 45
3082 93
12926 90
7925 220
20568 82
7479 83
7120 193
7019 645
465 8241
14388 78
4021 174
21826 30
1676 251
6257 685
19999 19
7690 62
3751 702
9457 532
7080 66
8437 238
3497 3719
338 993
10343 17
23250 9
6142 33
6692 18
21817 7
5567 34
480 79
12477 48
19460 19
28608 83
6931 767
29897 48
8321 9619
30760 22
16652 75
14860 97
29727 74
8001 656
6881 357
3993 460
5401 429
2465 4093
2801 1171
1829 276
7201 610
5301 344
8256 883
5675 881
26942 96
26154 21
5826 16
9411 8569
4830 926
9621 854
18390 5
10656 30
17469 9
23812 85
9277 64
13691 40
3578 1991
11186 48
28061 8
2627 337
3310 542
18163 49
28104 73
27529 94
13502 15
2649 118
5891 63
14911 48
24101 95
8164 937
8951 33
7637 156
24121 92
17041 71
18533 77
3296 224
5329 758
5264 71
5083 8941
17518 75
485 6393
28658 97
3069 65
25602 45
8997 3377
32211 43
18313 81
6073 817
2529 74
17229 55
6275 875
7261 24
29809 82
7936 892
10332 75
6927 27
9997 2032
31045 8
16976 60
2042 7
2117 77
27874 71
1081 607
4663 184
12263 75
2985 7262
5909 961
1561 6375
2272 95
19557 40
9060 569
497 9585
23110 39
1905 853
4513 198
4040 131
272 58
4552 396
19548 61
1643 324
1407 731
4867 902
6699 6217
9909 385
7667 743
23602 59
3665 610
1605 77
1201 815
8208 61
1801 444
1101 632
31608 21
501 982
33 386
4637 333
4086 945
30576 60
2644 515
3901 155
9938 568
3828 996
7261 113
11533 1
7767 98
3745 279
8705 107
297 1453
8866 714
14690 58
2741 480
29502 15
23756 7
5969 600
26266 42
9555 876
1876 341
25828 1
2113 797
3068 25
3425 168
9056 40
458 403
29544 46
9265 138
6464 88
2369 970
12532 29
7020 1
7553 12
13425 90
4415 87
23047 86
5519 33
29982 44
6657 401
4241 401
18271 65
12118 4
24875 41
5422 226
4857 237
29977 96
5526 1705
32579 52
5608 97
734 376
21944 42
5175 496
1434 16
364 311
10731 20
8021 456
23923 8
22473 61
7600 817
18705 7
8027 349
20266 94
6845 839
605 490
3693 326
2129 921
18215 78
18304 7
6171 9171
3484 49
5213 756
956 148
7761 8
16419 15
32169 88
6007 421
5081 6841
15273 81
22469 9
7499 2
18799 44
22890 51
20350 79
3782 667
3443 73
5921 4856
22927 54
18132 94
26866 99
1668 73
4996 40
947 70
3776 2201
27707 43
7601 585
14555 85
7845 423
11539 62
2228 53
32195 79
8460 91
2561 3841
17125 68
30569 61
281 926
6525 773
2122 86
2041 84
8249 6441
5305 8641
6215 97
3948 24
1049 9293
11595 14
5627 114
2131 5353
29590 94
7829 841
2547 836
4501 23
973 707
6011 67
5567 514
11660 4
9711 3860
426 672
9216 424
750 99
10124 88
10748 3
6099 961
8321 55
5061 390
27507 82
17532 40
8511 876
4333 481
374 9604
12444 12
28144 15
25640 64
3055 87
17027 35
31673 19
3051 439
18887 99
5806 36
13086 82
6486 46
5576 29
27341 22
9608 871
24098 14
19208 23
28119 26
18805 22
3115 129
3217 708
9161 813
28527 56
10840 18
17231 96
4415 609
6680 7329
3286 59
20446 65
29957 78
7105 69
31164 18
9033 6501
29261 1
3644 8793
17821 36
22831 80
1301 6265
25970 73
30651 79
8041 6891
6357 4956
1197 15
6416 874
17845 52
1033 192
957 43
833 89
8326 8537
12749 12
1214 73
7981 757
25319 26
3944 138
27385 71
9611 26
8885 9411
9501 905
11587 10
5809 5073
20542 4
2129 633
30666 59
28050 29
1836 19
4505 42
9530 98
14223 31
3001 6581
8756 968
19222 31
28386 13
31447 8
7071 167
631 2864
3309 975
5673 66
413 357
29881 83
8661 956
9735 389
4986 779
26349 90
15554 25
9354 55
8887 62
8123 57
25385 79
4997 567
2137 312
2191 559
29554 3
19026 37
14983 7
29861 2
2308 319
8809 60
6032 66
24185 36
27257 28
7637 1281
3666 33
13025 61
8256 127
19039 22
881 63
1042 747
4969 94
9509 888
20261 20
32338 31
705 5713
6349 38
3285 5844
9475 18
2158 8670
24860 52
2457 52
7123 865
4089 106
2601 845
10793 48
5038 48
1485 540
7965 71
23026 85
3261 437
3711 186
2924 600
6384 98
13422 17
8205 903
12823 55
8241 459
11919 23
3397 50
17194 15
5649 268
13520 75
1761 306
31940 75
6241 9528
5397 3801
9117 342
6732 834
9992 589
5505 355
4237 6269
2455 868
3121 92
28246 6
8931 5
4675 656
2999 86
3000 348
24942 82
4031 6574
2741 113
15098 28
6058 285
22167 73
4421 301
27852 66
9809 3699
6423 857
29877 83
30211 89
30056 29
2741 966
31681 29
11 10
719 75
4865 35
32041 43
3233 256
31069 11
401 109
4937 696
19049 51
17536 36
700 88
2522 361
21289 68
163 979
6077 395
32457 77
8270 2063
11222 94
1139 8782
19780 38
32232 69
12287 28
6223 47
6123 7573
17252 77
4777 66
8467 426
27038 94
29209 84
11208 6
15160 50
4907 540
575 775
17413 1
18644 90
824 53
3337 462
3915 634
6111 8
525 4513
4833 753
3834 554
4647 7737
4118 79
9091 595
4911 460
20358 84
9765 7905
7915 209
17733 30
6057 14
11883 76
17843 12
22563 76
1907 51
30808 89
6141 664
8312 935
31689 49
3198 910
9250 746
6898 48
31421 68
7100 27
30085 76
25594 74
8741 83
6501 779
12414 43
26232 94
10910 44
4019 1733
27405 86
4054 69
24660 68
23008 78
2111 731
30474 27
17155 26
9401 1057
1633 33
22332 13
8555 1335
5001 801
19675 22
7465 280
2346 14
2361 573
3901 68
7467 73
435 528
4321 2309
27330 31
6061 427
9464 722
27629 96
8620 70
25177 77
6601 71
7409 474
1911 44
3649 441
23695 95
6005 12
83 29
31669 62
9870 4157
13145 12
7593 170
557 5089
29153 88
19190 54
25966 68
1061 3842
22286 76
16076 21
30834 22
3665 8251
2014 2
11743 23
8268 3
2469 48
5081 647
27190 40
5830 39
8225 5
11469 85
22831 33
24993 43
12997 75
4803 6740
5298 58
4088 76
7410 694
9821 847
2165 50
26315 20
22372 74
13175 26
32746 20
6217 692
3696 34
7635 96
1725 2081
1313 485
5137 546
22597 61
21074 62
14632 60
13474 73
5681 847
7170 58
1551 233
411 669
3605 4013
2019 759
9521 659
2171 48
18449 92
17663 59
4475 9876
29376 78
16037 74
2985 3067
14746 22
7263 366
32348 65
3225 14
28753 90
2461 120
7935 84
31423 62
24049 57
8531 8811
4337 607
27798 2
19836 49
1085 249
24973 47
5383 965
7312 61
30522 45
16065 75
9265 7401
472 1610
9849 514
7415 791
20721 85
9866 19
21675 24
17786 16
8990 808
5436 82
476 929
30553 62
11127 52
16141 84
9245 281
5936 797
3353 2076
14043 65
9449 134
5217 36
14726 89
23372 10
624 6525
13040 59
31021 15
27860 2
2541 804
20502 73
6342 999
14501 92
5532 180
8435 7733
3635 36
7545 9707
32045 3
3242 12
145 3361
5257 9065
17445 29
2346 534
19611 75
7183 836
2757 86
1029 774
4331 7555
20 801
15108 96
1833 36
9569 464
3482 48
25501 55
785 55
1767 818
981 989
9781 661
20200 96
320 10
18670 69
6038 45
2202 772
10915 9
1729 1779
3327 4161
6631 549
5521 268
23312 71
1470 516
262 8857
5356 28
9051 17
4691 183
3037 6573
3059 421
1029 5122
9993 4037
9133 3749
8521 9981
17687 75
3631 15
14823 53
20906 45
27007 3
21807 8
8131 1311
25637 56
6511 90
3941 66
31218 35
28186 90
15105 46
17476 15
23023 2
8002 17
4321 6685
2041 888
4591 9041
6141 932
8702 9709
29518 99
7306 195
32148 24
21397 52
2010 97
6393 8299
24453 26
1444 334
6206 9376
6635 642
8876 170
10638 89
9539 37
4209 980
3959 32
24357 39
723 47
258 274
9749 9641
656 58
4569 742
16026 12
19155 63
22916 58
17735 49
2227 493
7841 399
3881 366
27619 2
32594 23
1857 543
12691 83
29 904
4681 469
18795 70
3973 32
9539 518
11899 37
11603 13
16510 14
15195 79
13172 49
6341 7901
4761 546
18297 12
7048 82
1427 699
4581 446
18671 14
7001 650
940 8385
24753 47
2165 949
997 914
1026 6
5393 4761
28457 54
15086 22
18897 18
787 636
7466 216
28694 19
16027 45
22634 20
20976 80
1730 63
31364 79
4465 774
28229 58
6014 1069
26808 82
15553 60
4049 816
6329 7049
8297 88
2525 79
7829 842
10139 53
2580 50
15247 2
7508 444
21666 42
21214 78
17240 53
9641 5631
2186 56
10531 30
16010 69
21200 78
467 713
17413 71
4987 3296
31580 42
9330 81
7598 72
8221 898
4977 393
8481 618
27634 69
23359 44
26016 85
2811 4413
2198 75
16353 98
1908 631
9956 87
20124 17
15049 73
1857 26
6821 805
556 6737
4897 610
1448 137
11478 60
5937 7034
6613 758
22224 23
4077 958
20344 90
4209 985
31534 48
6468 549
6449 295
9441 4567
19960 91
10309 27
316 626
8861 669
4811 4753
21218 58
30790 66
17870 94
1457 433
2036 312
9721 906
27907 6
9598 61
16611 63
9891 258
4501 7045
2369 421
8451 18
7693 54
9441 51
25716 59
3273 585
3621 8557
5251 82
18205 97
9419 260
7557 700
460 409
29765 45
691 373
2736 39
9997 925
2741 3641
7052 95
31527 85
4001 104
9311 5013
1242 50
24440 37
13347 26
7201 211
33 71
9500 2717
4531 931
12970 21
10278 94
8361 321
9859 9697
70 44
6101 355
10274 33
9097 599
31885 93
9431 395
27541 35
25400 61
20118 60
7279 281
4619 2203
9871 933
5761 9
4321 2955
4593 685
481 2413
14039 50
2771 53
4330 45
7736 51
1081 3868
5004 6491
31910 84
19741 41
25461 18
6565 94
6881 87
9277 9764
6585 8446
25424 88
6089 782
18436 99
5141 280
1356 336
4913 4914
9711 379
12477 2
9954 34
30668 99
3895 377
2509 885
32044 6
18180 66
6645 127
5974 10
6672 174
10657 39
2081 37
2601 2021
13220 71
1295 688
6781 83
3561 288
12100 41
2701 9890
13422 54
19088 18
9476 287
9258 2704
1809 884
2951 72
356 483
26715 93
18402 44
4401 385
4189 2469
22983 20
11501 47
4170 59
2704 546
5131 8276
7399 822
3795 4145
9729 823
9843 855
6338 79
11411 54
1607 69
2238 87
8692 31
5777 43
7729 658
27088 68
7540 73
1905 261
31558 26
24115 96
3020 50
4632 65
14009 41
456 371
1932 88
2413 429
12833 52
6801 493
8135 18
1504 8521
32251 25
949 7316
7525 6
18360 44
2081 5442
2616 213
127 750
7307 4015
3920 364
569 15
4371 69
22981 87
2136 8
31191 67
3931 7725
705 466
6941 516
16448 15
19749 34
4585 37
5811 9334
14372 34
8341 96
9759 60
10999 33
21602 26
14708 46
14552 84
15215 59
2619 16
6393 260
9823 69
831 49
5971 186
18713 18
8509 608
30717 8
787 82
5274 217
1210 64
24737 15
13380 27
6441 664
4889 4289
15176 12
9686 878
23149 76
6327 620
8872 197
28236 87
989 413
7175 11
7351 4904
30176 12
5546 836
8636 82
15267 15
18140 64
5361 824
27674 83
6961 630
9154 34
2311 13
21515 6
8691 59
4433 108
6523 526
3487 32
9561 597
4945 67
5821 487
2601 25
857 876
8146 479
7769 1398
5285 916
6386 20
6348 888
4613 77
32053 86
9845 301
8977 616
9243 12
30065 53
28449 86
8111 838
18107 29
14945 29
26022 49
1178 46
7545 100
8357 17
1287 79
1036 569
2253 499
9534 434
5281 791
1105 3
221 45
23017 80
4809 8691
4883 407
14151 20
25711 82
3274 475
25205 40
3989 37
1216 38
7537 915
2610 9124
9729 118
29401 53
5845 931
20999 3
7599 598
193 451
3956 9487
3345 169
28288 81
16452 55
9206 9
8181 467
14482 9
26258 40
1405 106
22607 96
9821 817
1481 96
8485 7615
7891 93
9351 265
24160 61
19643 56
6659 877
4721 3
6439 30
12992 14
9801 1189
9316 9097
3301 44
23906 51
19870 86
7182 207
5617 36
24021 87
28342 3
3249 590
9099 53
2037 5
2801 548
3041 643
9169 473
621 601
5241 616
2301 854
4657 286
21307 39
9110 35
14868 63
31 5566
2468 68
4633 765
26582 79
15321 10
6496 218
12435 57
6187 6787
1139 694
2029 6217
4482 11
25328 52
29115 94
4376 88
12492 24
7742 27
4433 1517
3955 8551
25786 29
8270 8106
7485 498
4371 335
15531 61
3616 818
15420 33
12453 1
6675 954
1441 732
3517 707
4885 78
13150 16
27430 54
9160 993
2497 223
6257 4606
7073 446
2479 3779
5001 593
9847 946
3666 71
2783 534
4417 702
23509 94
1193 992
5237 86
9205 668
5987 982
2461 974
3293 29
6290 613
19364 33
2006 99
7275 9938
5851 304
9285 6
8239 594
3345 705
4845 773
2953 919
10935 67
14699 38
5923 8077
32646 27
379 1607
25491 94
3677 47
16866 64
7299 9445
8661 574
2293 205
14418 75
6155 1
7469 46
23596 50
911 902
1945 809
4701 700
4213 164
6348 8401
9637 153
6593 753
4850 46
16449 12
4048 646
25605 98
12689 4
21561 22
6725 16
6873 966
6806 94
10513 15
2259 34
30600 51
26541 77
19349 40
1877 927
2129 921
4335 454
4380 4
7692 285
8656 778
28958 27
31745 44
3365 515
1364 559
1732 8601
1923 43
30835 72
7178 52
30544 66
14457 59
6784 7431
5245 127
5571 6301
20531 71
4712 82
8631 123
6226 3067
5271 73
22588 38
122 820
2413 11
17195 91
8137 881
8571 7285
5021 110
11911 16
29346 77
8533 116
3593 484
6617 201
8891 26
3208 264
15219 68
6867 130
17487 18
9419 54
29513 50
5040 940
834 488
2241 740
31953 27
6143 19
30474 58
4633 204
28668 89
29189 50
613 373
3419 52
1421 290
31309 55
18207 41
20338 61
408 91
26246 4
8123 290
25088 82
971 665
15871 18
10730 92
30133 92
5591 8153
14131 11
3389 436
12061 70
13499 64
9713 23
2101 780
26971 77
3238 344
9645 8381
9129 401
23173 63
18016 56
9336 206
31090 51
8943 48
9351 50
30861 64
10896 55
4401 409
1106 42
16046 80
5471 150
2575 68
28263 43
9281 941
26881 86
13519 43
10295 99
562 372
27769 54
4522 572
7018 525
5592 83
8788 5
7390 51
25534 66
9809 356
8766 80
1294 772
6600 1
6606 7
8933 273
31589 6
6888 834
11575 69
31146 65
2842 187
6759 21
31 25
10946 72
9069 102
20641 56
3649 736
29160 65
3435 597
12584 17
2347 357
8417 818
9259 288
2273 727
589 117
29943 82
8781 535
1322 74
5956 8311
2009 72
4226 687
17784 20
2364 294
2401 8751
3016 228
18107 34
13859 34
14792 61
7386 674
701 2869
3581 32
18937 73
2673 939
13216 73
20755 2
2933 783
22609 50
1236 997
23335 84
4473 319
28447 71
345 146
158 13
28111 76
4076 226
16442 74
5301 61
8979 93
26305 3
5980 697
4093 514
481 852
4125 507
20679 32
8839 88
9525 5376
27685 48
17629 80
7044 386
19416 18
158 215
572 209
13393 25
7872 369
18 25
20419 95
7018 8947
9424 565
25366 69
8489 91
31656 12
2953 341
18330 59
7352 579
28866 67
20761 27
28887 90
3427 825
28772 38
5901 694
26008 50
5844 1313
8133 184
2472 99
2873 592
747 7099
4451 481
2751 8961
22053 78
8965 320
28993 49
20665 4
24475 96
26030 81
1373 149
896 87
19201 41
3723 885
12132 34
9086 453
7784 76
14401 56
492 962
18905 34
17108 97
24886 44
20257 93
9201 975
2587 5148
1549 1
26612 40
17910 45
4253 10
13304 92
17646 33
7297 4
286 99
3509 78
7647 9076
10674 13
16355 16
4845 231
6786 40
23751 34
3575 185
17995 82
21184 44
5347 10
4910 396
6758 5491
4089 3359
5483 79
28343 78
1835 246
123 662
9010 49
6709 526
1559 54
20307 73
382 53
1473 810
5550 91
9921 874
20429 60
32260 69
24366 25
7769 2715
6777 7003
9881 96
9831 44
24867 36
9713 205
3176 42
17737 40
15348 95
4010 19
5464 53
2802 5879
5521 889
13978 83
21938 61
7673 5569
4027 803
18903 55
32203 32
3491 5124
9677 32
11062 57
7000 230
3378 160
28952 28
31183 51
20965 7
8661 12
561 811
7097 489
8737 869
24046 36
19459 41
9201 525
5496 22
4312 21
7073 7
12304 55
5817 996
3067 58
14165 35
30674 68
6419 16
9853 621
30528 85
81 2947
1415 78
9041 149
30878 36
21076 2
25915 1
5187 3996
5224 65
20470 64
17122 63
11847 10
6385 69
15041 42
14163 19
7351 953
24842 54
10951 17
26678 12
26536 81
18682 67
3434 12
22952 86
7729 95
3946 796
14605 88
5393 44
15890 28
29766 27
12777 87
21082 38
21926 53
18870 25
21447 22
28187 99
11758 29
9644 92
14177 11
3697 92
7187 12
206 61
7986 32
22596 94
19256 55
9768 281
2010 51
7623 579
8101 82
9169 365
8817 7681
31469 67
5203 351
1681 879
6249 9446
4287 15
3305 914
17915 45
23770 12
26118 50
23862 55
16510 84
5407 5561
1367 396
29493 76
2220 13
2785 62
7396 513
13854 18
26748 80
370 47
19295 91
1210 1138
20775 50
18824 78
9846 506
30882 90
8001 411
9409 743
1034 47
5113 1162
24021 76
1708 55
3153 10
7247 508
7731 965
17995 63
6136 756
27630 11
24049 23
19040 21
13626 82
7989 4635
9713 862
4222 9983
6375 206
7114 7978
333 8071
11683 51
6913 3633
21252 4
3160 10
18506 97
237 2321
6685 869
15949 65
30696 34
4137 583
25884 28
24879 34
3366 812
31269 67
14618 47
1121 676
5441 5121
7380 52
5068 419
6521 8609
8737 85
20650 35
30290 80
19694 37
21209 11
5045 790
7911 82
3728 192
3413 9966
203 60
8457 92
7080 71
3727 419
3585 2309
4646 2713
4882 50
4938 4
8041 52
3400 40
3377 421
8814 33
14922 54
2861 123
603 72
5376 702
2711 204
12680 70
22007 42
25547 69
7831 285
30082 57
9 361
7101 830
10416 50
2539 598
948 56
5465 307
23 141
22061 50
6448 7313
22053 40
28512 36
2924 137
7109 267
7827 33
12148 52
8521 6796
28781 12
10738 55
8609 9378
25789 84
6584 756
2885 9897
6001 947
26161 94
3686 453
3967 247
1701 370
8698 82
6058 94
9146 5832
28329 17
5099 916
7325 348
4387 5
1681 878
31384 26
12329 38
13004 97
4201 6251
8439 68
10221 7
1649 96
31289 21
5261 721
8339 289
9919 98
31448 87
27295 8
19518 24
2875 40
263 164
32375 94
2733 4080
5954 451
14336 65
37 451
9311 376
27206 6
11338 86
26045 25
9356 499
8457 432
9866 955
19200 23
10986 3
16785 9
22188 13
21342 17
18443 18
2001 108
7672 873
2313 283
9856 575
5489 533
7197 4971
3868 60
769 91
6049 5171
8651 38
4545 220
30834 28
8501 3365
23337 10
8478 11
3634 23
8399 821
3709 10
16556 58
9639 955
7680 718
23075 60
3521 48
5889 532
20879 61
8397 118
6077 980
7172 8921
3536 970
16477 86
7739 508
8851 57
20265 91
9751 291
2641 546
22995 99
16542 65
22082 85
9715 540
14162 88
4626 199
20999 2
4601 718
5273 14
5051 269
17177 25
25919 99
8001 840
3016 575
5701 59
3438 19
14911 23
1337 5387
511 199
24835 54
15187 38
181 11
761 3682
4741 54
9165 36
8333 662
2389 419
8451 614
6083 69
27461 84
1394 81
23753 96
3917 955
9110 89
1771 892
13148 11
16368 88
9877 91
5736 26
25498 59
7846 9205
3823 127
9357 3783
8333 64
7985 847
8006 3
5691 514
6818 519
6857 7351
22251 59
15898 63
10978 92
3317 917
113 15
1195 504
10416 18
6321 138
6241 987
2175 4376
9395 3574
1449 306
6402 715
16305 93
2021 2397
14433 30
3411 523
2145 589
31720 28
1505 40
4065 160
9169 1817
31450 87
305 289
3251 680
15566 77
9667 9877
7727 5633
11829 51
25019 33
21414 33
2145 351
28172 52
9256 958
22565 43
29816 88
32440 90
9233 32
8585 9391
6137 409
4760 7122
876 6649
22628 36
2883 7305
7515 901
8654 8396
5172 8470
8149 8607
7029 3
1626 301
4241 720
4881 74
8827 44
3145 329
831 97
2429 27
15128 72
3981 663
22170 56
2661 1291
1570 4569
3001 4145
7415 886
3273 73
1417 999
9401 495
8633 429
193 722
1753 959
1143 320
22810 74
24142 76
29036 24
446 565
7573 75
32464 21
26532 90
22527 71
8172 63
2927 75
1456 92
30556 95
6273 9633
13723 42
1983 46
3269 631
4842 57
20148 91
3249 83
31866 92
25520 74
27404 59
29427 92
4129 65
8248 6417
5739 913
1186 81
2597 2008
8190 855
23110 99
4112 1617
5543 497
7327 940
6733 6547
23275 12
9010 37
11803 6
1466 345
3715 1821
10289 78
445 1556
5341 1131
7952 6925
3201 874
23445 89
31031 72
29208 22
7714 7
5745 416
15547 1
565 162
6708 23
945 504
2373 3097
7992 2881
20955 53
5111 118
8130 375
9125 467
1264 1
5576 890
3254 25
14707 17
8341 580
1609 515
11028 23
26577 63
9744 25
1489 73
13961 39
2163 808
3044 36
11882 9
6450 36
4215 3761
8951 91
2035 658
19197 9
5471 282
19874 87
3297 6561
32285 21
3426 3911
8051 88
23132 15
1119 584
12012 47
31968 6
5929 2739
9501 766
32338 39
3176 99
17453 8
1095 91
6545 4987
21455 57
581 180
2205 4185
27649 73
29146 99
4576 72
4946 275
2627 604
26995 18
29648 27
6497 524
1345 113
10446 78
9855 309
7204 14
7260 79
1762 35
2176 79
29082 69
295 952
13299 47
6212 573
6191 340
29115 93
22858 62
17866 19
9591 423
7061 96
8441 24
12613 11
21629 95
26698 65
8558 76
8991 851
4844 11
5525 759
2067 80
16024 47
421 6884
9667 816
2632 15
7234 9604
231 502
6832 493
23089 71
797 7889
8130 38
8378 13
7130 55
24174 62
15362 65
18282 48
813 752
576 394
22425 35
5425 345
5711 614
4520 385
3828 509
3514 3069
13337 87
10754 95
17237 86
7585 1181
5294 87
17844 30
6741 154
441 843
1769 645
972 3817
9133 736
7457 606
27371 25
4839 262
2626 990
6081 4967
7527 995
6791 730
6475 923
2699 220
7953 8291
7669 450
6228 214
17730 80
17310 84
27404 4
19839 98
9110 33
26470 43
6937 456
14136 19
8421 7
6869 897
7198 3053
1633 8305
31512 35
8009 616
169 278
25363 83
31301 59
8485 314
9654 28
10270 70
24746 24
7936 767
6033 880
7653 730
24021 38
1557 99
7881 612
11193 78
16042 29
21297 62
4029 67
5176 8046
6903 70
191 435
7869 284
2405 293
7441 722
19049 49
1417 782
8971 5516
32078 45
4779 631
15136 76
18479 30
8434 695
7889 95
4826 249
6451 937
29900 29
3496 485
21152 70
2523 93
9428 24
8220 4951
17292 45
9605 630
9601 70
7261 885
28417 57
9512 29
8468 20
18358 64
6258 29
13602 27
11101 19
25337 20
21966 66
1561 3876
4411 998
26921 30
19496 86
1937 9316
5385 3901
8151 523
9002 73
2255 680
3930 32
12912 9
9615 577
7341 409
23171 40
555 13
15878 20
13302 71
22650 29
25078 16
24701 8
30787 78
8277 36
14727 17
4526 69
10000 32
16409 19
3148 4433
1611 16
3035 82
4097 1686
7269 1224
20064 56
467 94
8977 306
355 7
28884 30
17472 31
8616 95
20821 93
1366 1925
16314 72
23825 95
5281 341
32560 28
15449 34
27353 71
3237 36
1336 61
7881 341
5631 6512
17182 5
15119 56
5872 624
7631 780
9471 213
21336 85
18302 17
6653 262
5913 224
7612 157
11228 96
6290 2191
15069 59
3409 975
3069 53
5047 97
4835 382
7123 23
5443 15
26355 63
9885 947
4963 32
2252 90
9439 7251
2353 1851
6371 946
5416 591
29066 93
16358 52
28229 7
4603 684
3497 6153
32511 60
18047 9
1533 347
12816 89
8519 6
3213 753
2655 339
16514 39
22790 25
6844 783
2077 325
7357 664
26878 64
9701 687
25103 80
1503 891
8011 447
9744 627
23181 29
14606 99
18254 53
2701 1729
10855 89
9275 469
2687 3759
21024 57
6557 98
8755 6393
6913 6
4349 964
4023 174
16250 22
30996 68
21904 44
26908 18
715 4458
8860 72
20860 17
12316 39
8678 916
30825 89
907 287
1847 513
443 5
41 533
17879 40
8870 690
10695 39
5105 921
6865 518
29336 44
4903 559
6065 836
9251 569
24797 80
5653 905
85 165
4832 99
27477 22
6045 1695
2417 968
25628 53
16653 53
5035 509
1397 4601
3529 56
32597 41
25804 25
6773 211
7173 235
8254 273
8188 452
9629 441
493 6201
26690 63
17246 61
18776 56
6515 712
32009 41
28603 3
2209 3291
4401 860
4735 630
30661 55
7652 4485
5871 28
4401 4764
19455 28
830 18
26561 95
19653 65
9365 26
2467 21
3027 9516
8752 541
25317 21
4040 650
15152 11
24547 60
8441 151
6132 77
7777 226
19303 98
3251 806
9890 5025
4791 341
26749 21
14838 1
3773 719
97 32
1820 9873
29080 20
7227 443
6000 727
6786 33
2087 7973
7532 8617
16846 17
3326 10
11034 62
5289 950
29547 39
2137 226
2799 8862
9494 7
19228 40
21595 86
1339 6706
9840 503
23421 45
3873 615
16166 20
4727 6929
7179 56
3190 915
2668 815
9015 958
3153 168
631 1313
25228 72
7363 428
5787 851
6649 8122
6212 1089
15064 43
1301 37
7449 6952
19993 55
16810 48
19441 68
7429 669
1522 419
3801 985
3551 755
7485 631
17144 85
2837 2
30920 43
3697 210
19378 36
13614 7
30160 42
2149 187
421 241
24953 98
1661 1344
14450 66
23803 53
3487 149
16587 87
8176 819
26336 49
3581 7616
211 5029
2129 1075
2635 523
6743 9151
1525 4188
7201 215
17192 37
26092 35
5841 926
6353 586
3413 3
2101 3753
22394 75
4018 90
2449 9282
17312 41
10122 60
27147 47
19419 78
5316 29
27910 60
26107 56
30199 49
2786 828
15841 84
7233 174
9307 94
17515 18
15729 28
30677 37
9673 380
4656 37
2914 41
25986 37
5135 985
28783 18
29493 67
13484 32
23681 88
7705 4855
18816 96
1859 68
29605 41
28209 95
14371 85
29824 84
5215 495
26233 3
16771 16
23719 46
4678 69
2319 525
20557 5
30720 39
18451 40
18708 86
2237 3473
4361 2021
4045 98
8189 921
23497 88
4649 27
29583 93
9675 25
20363 21
22122 4
8263 760
4887 62
26592 66
15390 23
805 254
5076 69
3937 622
9132 43
2598 21
5861 177
7856 3166
15881 99
12632 55
3061 534
7031 151
11461 29
21558 47
8388 2701
7927 1757
6812 13
30733 45
23065 61
21192 70
19147 73
27149 25
28298 56
25956 91
5893 3838
5229 4401
32380 37
7873 18
4729 581
14995 68
3789 763
32455 42
3041 374
19539 40
2321 6225
13185 75
28615 85
389 34
16388 83
12298 52
4931 9
7585 552
5522 570
7599 882
2680 5521
5797 5131
8143 8721
9189 55
13497 58
7501 812
23647 42
857 5169
1265 213
21606 96
25002 41
5751 318
12952 34
13589 51
17946 38
13031 21
32756 77
4651 676
7047 977
25468 35
3018 90
6073 8746
15059 24
14683 94
6392 927
1387 122
1777 2301
5657 21
18656 72
7275 129
5557 8897
2001 74
3988 7497
5201 842
3213 298
9233 67
5566 86
10675 59
25123 84
11165 99
4921 761
535 28
13493 20
26006 1
8465 958
20376 39
3781 3806
991 403
589 228
8866 256
5444 1751
5592 443
8101 421
7376 336
8534 322
879 382
7037 502
18036 32
5293 789
6333 16
11255 14
9857 5875
15131 46
3124 65
1586 82
27795 87
4398 59
4641 7837
9771 382
14403 39
3003 50
25561 28
31820 17
25780 15
24583 22
9221 212
1231 106
9596 5620
29615 24
24245 41
12517 13
9273 907
158 1838
8641 1536
4769 693
2017 5200
7900 3199
24604 8
8991 82
134 744
1339 664
18344 80
11761 39
29502 12
27952 54
19925 41
14879 37
4685 7048
6817 36
14093 18
18667 63
13267 33
5633 5038
25907 98
7137 1147
13430 42
2409 613
6214 455
3374 51
9311 24
5641 639
1164 2849
13651 37
5089 4227
17864 13
5645 802
4961 40
3524 577
25988 87
10130 17
28173 43
2641 2256
165 993
4261 819
11052 31
26228 60
401 8771
6678 912
4750 16
30516 80
28300 90
14445 66
30387 11
3887 632
3911 541
24684 44
9881 3774
5505 706
20404 71
2101 472
7064 73
9498 821
4275 65
26395 95
30791 86
7126 8684
5397 1801
31303 61
4722 89
17239 75
6647 3385
3287 52
3291 807
7337 1191
7556 295
9741 486
776 1837
8551 656
4499 35
9644 22
22963 8
6053 70
3013 10
24292 76
1231 15
18463 40
9801 27
4345 53
7561 423
4705 381
17335 77
20023 58
5845 288
2603 712
1201 455
2513 989
9133 1741
4289 446
32630 37
28411 30
8424 25
8729 98
356 2085
6785 771
24835 62
658 762
3041 912
4058 591
21860 7
3761 173
594 990
12536 44
1928 553
6969 6633
4253 927
8979 360
2826 264
9521 846
865 48
12134 40
3059 48
14524 96
2484 20
12068 57
1120 510
1550 15
6648 37
4235 424
15558 82
9953 345
5241 2
5001 866
25878 41
1249 94
4288 6750
5061 14
4523 598
24273 68
19704 44
7293 739
7549 323
134 91
27550 48
5363 67
8905 252
8597 80
9376 6
1836 895
6860 854
659 9480
5964 40
2501 539
24714 37
1969 356
4977 554
21622 64
2879 896
23219 81
20869 67
9177 991
6737 317
21417 42
14139 12
4161 170
28317 71
29291 91
953 541
31641 45
969 7647
7149 961
8064 1788
21675 85
18213 29
841 8
7617 6037
4561 1342
29408 61
26058 77
6321 444
12309 63
4533 355
1976 8942
31107 62
27683 31
32734 84
985 9249
5281 929
2675 346
1752 478
2625 155
28540 98
6659 265
4776 30
2385 5058
8257 775
13456 33
8076 3841
7462 476
24879 5
5409 857
26170 41
6531 299
4382 40
8506 6635
30543 21
29078 50
6153 65
2665 86
18992 73
26742 70
19221 96
19724 62
15905 83
7615 685
20139 43
2611 625
23893 88
4935 140
2281 516
5273 78
3701 2
27947 66
5701 8853
2637 699
7393 225
2954 98
5889 429
30047 22
4072 2
4197 2566
70 91
5479 93
8346 64
12267 15
1255 70
6266 988
19911 85
19476 15
26919 76
4296 413
21503 28
24550 79
1031 274
800 78
5271 745
28008 61
28438 73
2501 9133
6530 148
13965 87
16757 87
14813 3
5518 671
7267 265
10299 47
5153 503
3910 570
3221 666
20147 14
2555 64
7437 575
9761 561
25898 47
17729 45
14962 65
5562 49
4822 92
14346 83
25371 44
10141 38
2965 34
4291 25
27900 71
4251 57
7201 1151
27398 36
2131 2893
11829 10
15304 38
2146 28
8393 690
6099 6677
17330 10
2205 442
13333 23
8286 25
8146 3251
6368 195
32135 76
20348 48
4706 6045
15911 26
1901 681
6731 226
1681 10
23054 87
6017 6170
2211 978
4709 8751
6206 79
1701 736
8871 81
2121 1248
4111 10
7269 194
8815 1777
23693 46
28807 11
3075 372
861 243
11174 22
28697 82
25322 15
24908 90
3085 623
8913 773
7516 919
11293 69
8126 357
5841 3032
221 626
21071 84
6361 470
955 201
18555 48
16275 87
1017 11
8611 49
3633 4420
9197 347
1265 111
9973 767
21314 33
2141 2351
20914 42
7269 766
24427 86
4127 601
917 20
5801 237
16172 12
15218 70
12467 97
9726 608
9041 2852
7291 3673
29984 50
2063 21
3561 448
18551 32
698 29
8451 176
30143 18
7129 948
8616 5021
13817 30
6296 5545
5801 5891
7346 511
16815 65
7840 369
9616 374
25888 73
22630 61
26644 63
2519 100
1552 83
12546 52
5985 60
2705 4049
957 49
24360 13
22228 45
18837 75
14242 33
30106 5
4600 36
13434 23
8234 1905
9070 45
14098 66
6313 61
29882 37
24463 38
121 3
8354 42
2341 124
137 6685
4785 43
2837 5839
8139 732
9444 59
2514 616
6690 180
32721 9
4412 871
2577 160
4961 96
26196 6
3548 639
5969 400
18379 36
30497 64
5283 1
14037 43
24287 88
27268 53
9752 5
7732 789
3169 8869
1472 42
8375 2016
1461 836
6857 81
4145 450
31262 78
12366 5
4419 94
5423 296
1737 30
9328 590
6517 98
7891 40
22020 23
29306 65
7073 122
28750 11
25435 66
32573 72
11868 36
9610 405
986 37
4863 356
1971 967
657 946
19532 96
16435 52
7681 630
8777 99
4251 49
9957 654
6473 826
21703 1
6949 94
7151 7256
22716 86
6001 6
2501 8713
241 23
31898 65
1223 941
30888 77
4988 8761
10370 25
21640 25
13746 17
3135 708
3899 59
2073 72
7821 243
815 49
388 70
2613 417
9669 409
1157 423
4983 69
1365 531
8421 39
21114 12
23328 54
2677 25
311 21
8353 93
4251 307
7710 76
16107 28
1506 404
21565 21
11914 90
7429 230
2176 526
5042 86
5225 166
9086 918
14324 67
29022 83
9971 9
11601 59
6345 9345
16581 6
6401 863
9673 431
7330 185
9041 6176
27940 8
4677 52
26837 3
8556 55
2099 9314
8203 509
2335 546
885 216
4399 917
3590 17
7712 608
5601 816
2371 9
9993 705
4744 954
32116 24
16821 93
10383 91
23452 80
1385 532
29654 20
30471 85
7737 496
8608 519
17203 96
24695 29
1422 184
10764 60
27736 46
41 498
7723 48
6706 205
14312 18
9948 635
4116 83
7122 93
8722 210
31847 76
23915 35
2952 279
9295 139
2391 685
21492 41
7741 871
2509 27
25544 73
13875 16
20345 35
17550 95
8147 8
72 907
7851 382
9457 6576
6331 620
7241 55
7561 5969
3149 63
1049 25
6847 632
3514 7086
4316 702
6161 4721
27185 39
3709 4281
5653 304
2095 57
6244 91
2991 813
17699 45
21410 95
3023 568
12441 83
24478 70
8211 835
15575 24
10501 79
15887 7
573 70
561 85
23459 62
20604 66
381 725
975 1662
21183 51
1665 3870
5125 20
28284 66
6238 82
3689 932
26068 71
12679 90
27665 99
7906 630
23334 34
4840 968
2563 2304
8958 38
26013 12
5281 553
1345 193
9941 493
9093 5222
8373 74
2301 6481
3241 633
6196 23
18418 19
12789 34
4644 760
6742 495
1754 8468
11187 73
5449 5160
14824 71
4626 499
3541 553
1773 53
15071 28
8736 247
9998 30
4075 5179
32478 71
5481 8702
24720 41
8109 366
1072 480
341 370
5731 9061
9375 311
24496 38
2532 2289
3177 661
3797 3032
6535 412
29376 12
14334 26
10957 53
7233 412
19574 59
1816 18
4641 80
5637 3
1959 6005
6005 177
16254 49
866 710
4456 950
1041 3195
2161 2165
1701 721
1569 878
1298 31
16305 39
16429 72
1582 29
2323 18
9926 98
18197 88
3281 7961
8881 915
381 575
7341 7081
15223 32
223 322
17172 12
14372 42
15181 47
1369 273
3838 18
4541 80
25568 22
481 387
8437 54
29971 93
2124 154
13038 25
5733 347
29085 84
16105 95
11961 72
4841 63
12036 34
7677 3463
30376 47
13401 25
1776 770
26413 88
5937 604
11792 94
9875 4813
5459 61
4216 41
24484 36
6011 836
7491 645
8453 1491
1097 633
2405 6099
25271 33
1432 953
6884 519
14154 74
6576 916
3449 3825
1920 1567
1385 263
5759 587
25171 45
3985 5397
21687 44
16194 89
3713 825
8545 389
15441 2
24615 78
3165 979
18103 36
7401 596
22391 26
2834 95
24955 7
6857 5422
1900 852
2731 26
570 2601
67 57
1114 15
7824 51
3363 21
5693 7108
5861 410
20265 36
8445 952
15752 93
21917 18
14604 21
3829 31
626 447
7016 915
1141 625
9213 895
28216 12
32565 3
8936 58
5034 6
8517 490
11723 39
3037 93
32160 11
30066 98
12365 81
31878 31
7595 487
5673 451
5858 12
1819 16
261 8126
27563 80
1292 46
4964 698
3161 622
7733 216
3556 186
6337 264
12811 94
13473 36
957 837
8113 148
22682 40
2105 2471
7511 188
8906 5249
31671 5
8703 79
10310 64
3409 9821
7725 601
32480 46
13841 76
6009 584
28655 81
9532 44
7440 65
957 438
601 179
6051 4
4121 2573
3325 369
2649 477
23144 85
481 627
21387 21
18721 83
21546 56
5377 39
797 9675
13655 33
778 81
1985 83
4489 5
390 3784
5151 851
9141 518
2857 56
11489 60
9816 349
1229 3
5157 838
30350 33
5250 622
20498 54
2313 700
5161 969
24070 78
16822 59
3106 717
6870 532
31461 62
5938 864
7761 687
22748 27
1185 306
11216 19
17485 35
15065 8
3854 31
3401 92
1754 574
5406 3019
25194 41
8601 90
30077 48
25883 10
9623 433
6398 525
2855 2471
30693 22
7156 762
10141 98
3143 388
13339 11
25741 93
24062 96
976 62
10985 99
698 368
15660 37
18116 55
24748 28
19165 18
2028 94
11438 98
26471 81
939 56
11149 35
3537 185
2873 173
9281 643
5121 9289
281 687
465 550
7896 75
9979 87
921 176
7795 80
2721 7910
8306 540
19246 54
9876 8957
6876 576
5111 103
2991 1095
23197 56
7762 869
7851 3209
26538 40
4046 518
2170 59
15447 48
2917 264
3399 834
24502 34
752 554
2866 4209
3395 398
28610 9
7177 3717
4649 697
1405 4103
14053 13
24872 99
20089 6
3744 1046
2089 8
6446 3983
29394 62
2709 1678
95 6535
1116 502
721 620
4369 171
48 15
8701 897
29094 94
8133 3379
4540 58
2836 26
8457 156
7077 996
1539 453
6883 247
8048 74
23838 74
9485 442
7117 11
31045 27
2389 948
8462 8645
8201 141
6273 248
652 84
16961 41
9081 410
7212 537
1625 846
29552 30
15471 86
247 565
12850 36
8626 529
23936 83
4475 480
8671 6401
13935 57
2754 29
409 308
26650 72
8061 1201
5281 355
9513 31
2100 3837
13791 11
23079 32
3548 588
2985 9
30813 77
13123 21
29682 24
9882 19
32745 97
1217 335
3046 792
26531 52
18733 62
9771 3965
19848 10
1935 10
1035 176
3482 53
4191 4185
23416 21
21254 53
16257 95
2414 238
2737 647
28116 42
4129 569
26799 21
9343 411
6313 535
5169 64
8945 623
3257 8929
6665 9521
3404 24
8549 526
5648 33
15723 97
25462 39
6796 21
4261 9005
2578 51
9294 337
12644 14
15301 67
31703 49
1500 331
22121 88
1529 46
751 3693
6056 543
7198 69
6509 37
25350 80
7145 29
8321 496
19445 16
7566 941
23800 90
7909 7
7435 12
21588 11
83 9789
763 45
8497 619
24061 64
5597 93
178 65
10569 79
5871 357
23499 92
6188 796
9238 20
4271 359
9156 6745
13127 52
30797 92
15026 67
8827 219
12626 9
7544 598
32216 16
7275 562
28046 28
13291 59
2731 73
28080 80
27355 85
17874 91
2304 25
10205 95
7091 176
94 146
9093 9885
1078 31
32591 76
2087 28
8395 785
28076 35
9242 28
4151 816
3461 299
1073 490
5841 7191
5798 133
4539 46
32346 57
29512 76
7076 114
741 230
15476 40
5590 69
6649 987
28154 95
2905 82
6991 487
26391 57
31732 49
6123 733
3585 3729
1636 23
9565 58
4561 468
26506 62
9205 11
1613 265
8821 6669
128 735
25497 69
8761 432
3461 604
3387 379
24383 64
17418 73
16748 10
454 1697
9875 76
6932 23
8697 6598
4803 724
12813 25
5265 213
6106 547
16776 21
4104 31
1871 659
9501 474
8841 460
3889 190
5353 554
9951 3951
23561 71
26742 87
7893 7807
1721 597
6782 47
5372 39
29020 1
7320 7071
8413 502
29708 55
16487 51
26341 28
6926 2529
25420 24
13527 2
12820 13
1791 1510
2017 725
4541 851
24314 67
2857 186
9206 495
3229 506
1481 558
2450 41
382 911
23202 56
29725 33
3388 4811
3947 204
4908 3
4127 251
15617 83
5102 61
6805 14
2704 132
20344 79
7628 121
15324 67
19821 44
376 86
22968 94
261 3777
6895 844
20704 49
5017 85
1494 466
4664 151
31913 46
1793 118
719 434
8625 5698
29295 64
16967 39
7800 182
16473 22
753 791
5246 844
7333 501
9991 796
2418 4993
6215 11
6730 3373
22343 73
8815 156
8507 885
28637 96
4487 972
4291 180
8027 28
27496 27
4381 80
7486 899
8808 650
10609 49
12469 53
12599 33
4722 379
6827 2706
5735 986
4843 525
28171 72
9777 416
5096 7566
3713 954
13083 20
1070 17
4701 456
9579 15
18829 3
9353 177
7716 875
4228 595
673 618
3863 785
5628 613
17542 17
9037 3970
673 18
31801 8
4428 2849
84 608
8513 107
8645 53
19690 73
5495 80
9593 725
2695 1615
37 418
22269 78
2901 3173
5083 45
1215 518
45 614
16037 9
7309 385
2511 84
3373 612
8377 987
18032 71
225 110
10816 37
11864 51
22544 53
7206 892
1706 788
2737 2043
4673 643
9956 276
8039 34
9471 4801
8453 134
4609 162
32136 49
1766 68
6252 78
3877 251
12652 62
5295 1
26306 25
1152 883
21298 35
437 68
12695 16
3787 375
31456 65
12815 92
29132 56
6259 367
6644 42
141 7683
203 76
3322 508
19577 51
11584 71
5876 30
11846 55
6756 800
1733 139
3568 55
21859 88
2229 869
5953 9607
32492 68
7171 425
28319 87
28108 99
957 408
3483 29
23710 32
7282 95
4728 433
20134 65
79 345
22628 49
2653 533
7837 955
24822 88
5244 501
5860 24
23902 39
14402 74
19423 68
2526 3475
284 99
4293 402
15537 77
6514 581
16834 67
8055 69
5533 399
489 71
3281 61
29905 89
23214 22
4882 9721
16847 72
7071 418
4353 792
3680 321
15350 80
4657 29
1005 77
28152 60
3397 803
27275 66
1089 401
9551 9123
5888 750
9576 210
7197 84
21117 17
8067 293
30291 78
7828 3763
286 4301
28618 24
6207 9009
21997 16
879 9891
3383 88
9423 81
289 76
5031 31
8717 331
10956 85
9353 1581
14011 51
4251 3641
3020 42
9401 71
2337 80
1669 204
6301 293
2354 64
29950 68
21419 72
2284 589
26998 38
787 6541
6608 88
2800 47
16619 80
28815 86
3946 79
5798 722
10751 20
4317 924
6570 234
6031 860
16949 91
12928 11
11767 56
4859 605
10578 93
21563 32
17864 83
8011 554
30120 71
8583 491
26600 2
24903 53
3856 564
607 33
31172 70
17141 88
4647 4417
7945 552
2156 792
2770 2771
2854 55
15702 4
2937 7121
7663 709
3602 172
3134 52
29241 1
31846 76
20240 11
9093 70
31864 52
3386 40
6911 2601
2465 4410
2517 67
106 1773
1880 23
5350 942
4919 32
8161 176
22268 80
9136 8229
14055 39
1906 2591
11973 52
28617 27
2892 717
521 549
4674 640
22971 78
1969 2349
22471 23
12445 7
5884 26
4679 530
4483 69
27920 68
4817 749
4295 1261
581 9687
28760 90
18425 17
3381 47
14347 48
9385 209
5261 1427
1473 4627
2589 761
5376 14
3686 397
10086 68
1013 206
701 354
789 35
29343 67
129 854
9603 573
9673 241
4931 937
6315 988
1633 18
29648 54
1457 86
29319 36
21245 37
3438 720
8157 184
3424 808
6218 22
8731 8435
8679 711
3032 481
9061 1181
1006 1099
9907 799
1865 721
32224 20
14257 65
27828 85
7970 885
21084 60
22948 74
4376 141
2425 2713
9101 613
28990 70
5952 93
1787 888
9405 20
25267 31
3681 4693
30300 46
4574 13
9392 8431
606 260
13005 73
8181 8257
3351 8651
18354 99
1581 755
24938 48
12134 86
780 94
7607 2649
76 899
30058 92
1113 361
9091 4221
3507 9757
28143 4
2544 39
3817 99
2537 6377
7003 650
13380 78
1588 27
2564 858
19491 46
5410 87
13807 28
53 27
491 9171
26094 67
6881 151
4441 218
8183 53
1480 55
7616 73
2123 826
441 1593
31572 90
22699 75
20913 98
9965 25
14628 74
5621 4209
24500 89
9735 288
9065 2690
22885 92
837 79
19740 29
8976 65
13269 79
12248 89
2237 98
5051 80
5501 688
1462 85
1037 14
28517 94
6605 26
22182 86
14261 32
8310 94
7891 581
28099 55
4717 56
11220 88
5603 841
24453 59
32281 96
4549 657
12167 24
6958 740
5587 6585
8590 93
5339 778
1510 839
3093 8965
254 26
19832 67
13724 80
6166 675
27744 30
696 746
7993 876
7865 46
28134 81
8331 23
8217 5501
6169 518
8501 86
4593 9526
2377 976
9866 383
5603 308
12786 52
9449 596
24669 66
17190 52
18478 67
778 64
15977 28
6460 12
7447 812
8262 26
2461 98
28590 20
20561 3
9217 612
16509 65
5241 107
6637 26
5201 893
9153 53
4819 3848
3679 3037
18173 92
8193 960
9481 340
924 8307
199 84
6268 77
5461 526
28566 34
19102 16
7946 2590
5497 923
3631 492
1341 931
7928 218
24873 74
6411 665
13192 62
8841 4294
21121 23
18429 88
16207 28
10960 88
24886 72
3689 85
9874 56
9291 931
3696 761
2242 79
16653 97
1609 86
2793 472
9096 872
13091 5
3081 639
15028 67
3361 715
12227 77
13349 40
15792 1
17671 40
31849 92
17378 84
11715 69
10065 30
6586 16
9197 915
20876 12
670 49
9961 946
8451 3427
15473 67
14590 9
15172 87
7909 5569
569 384
6823 20
15401 2
1197 70
4026 2891
1407 398
9187 778
13095 3
3203 1114
5745 66
1485 1276
9305 4505
9273 470
6261 3947
7129 37
4286 61
26225 78
29885 39
7177 8
23167 93
3169 436
6025 107
12993 71
9009 3773
4344 8031
9193 91
20225 2
5514 8
22335 71
6541 473
18916 4
386 2166
4736 984
1173 7671
7559 158
6291 7793
14730 50
6921 550
8503 88
24061 78
8034 10
29795 90
37 90
9656 277
8727 570
7520 5829
2623 9346
5136 1
6862 77
5289 52
24654 51
32698 84
17825 66
7201 545
4131 505
19299 6
21506 12
1151 781
16854 74
20306 37
23589 86
4681 565
875 170
18362 84
9285 29
15954 15
9897 131
17730 27
15907 16
24597 46
17554 14
1601 6
3801 3333
6780 8521
4577 4690
6049 97
8087 234
8152 830
24003 14
27209 43
17779 48
3805 57
1611 783
10469 60
28655 94
2832 29
8721 76
27283 12
9601 2353
3715 98
8991 3263
827 7617
7909 2901
6774 345
1096 505
1247 971
23443 17
14442 23
14251 77
4648 50
9716 500
5891 507
8291 702
21668 22
25416 36
8814 1771
7768 865
28562 17
7379 97
5761 152
27266 57
858 94
6568 14
941 74
237 876
3996 69
24414 20
5281 8961
294 77
12555 41
23204 61
9044 4
8601 468
8751 816
2565 294
15240 36
11475 85
7529 25
2753 125
1855 9561
6375 80
2236 818
1516 1189
3305 819
20414 70
22799 51
1325 296
4784 197
1296 610
5073 953
3167 212
9601 93
5772 63
307 49
11563 67
19559 1
3011 734
5364 9849
8727 977
3143 419
8701 546
5726 53
26707 30
18533 62
1801 77
725 336
729 7509
1078 329
9337 5909
16172 70
8936 321
20908 33
9221 1466
12883 8
2745 4297
8013 2459
5395 682
9815 218
30556 2
368 63
9373 96
13954 94
8503 472
7089 1261
29345 64
5069 73
32282 1
4697 202
1542 1199
22181 88
29713 22
19201 19
7301 809
4273 275
8150 147
10087 4
13250 33
19889 23
11411 36
2543 83
8714 58
8888 57
31858 53
18857 36
16474 80
25059 33
4261 196
2446 19
5133 327
29917 88
2202 75
900 158
24378 98
32633 11
26836 89
19956 25
9677 350
7080 881
26167 79
1653 700
1461 8957
25975 43
287 8587
13268 54
15976 59
20633 93
7293 2
5737 98
6651 302
1895 62
8548 42
9055 171
31637 60
3060 6786
26288 18
5321 7
1609 30
13110 54
13158 36
6925 617
7508 547
24121 50
7443 35
3847 28
9802 22
3879 73
28057 97
5105 172
6115 895
1911 8172
5710 1163
7089 2208
708 54
29094 58
12541 96
24200 71
1151 4765
3071 949
10671 89
5643 8885
9051 7710
4433 842
5041 308
8251 224
7905 112
5115 309
5611 606
8133 748
14239 91
7001 479
13424 41
2551 60
6858 822
1441 104
7031 642
3082 65
9911 768
23424 8
28900 76
13090 60
139 68
4600 519
5862 38
27641 81
551 732
7969 898
5099 768
4587 959
4117 90
8387 753
16213 94
2761 198
9465 486
1337 9591
2948 885
15346 41
3913 479
7634 141
21428 72
19490 22
7579 51
15121 58
13824 14
31836 86
6994 150
2180 647
5790 71
20614 2
4377 1568
231 281
25258 85
3273 933
2683 911
6341 2993
6037 41
7069 2396
5977 577
4304 8
5609 155
16335 84
4323 75
6484 30
23907 44
17278 1
9331 817
12520 45
22083 93
27730 94
2655 84
6549 66
2951 363
6867 10
32527 87
14705 16
2914 44
7327 693
2511 18
9761 305
4341 263
7485 301
5798 28
13575 74
656 168
18980 99
8256 92
7724 7
7609 529
4788 19
417 930
20546 1
1331 56
23371 64
7341 68
20576 26
30280 75
1969 99
3126 9138
4987 228
7109 1524
29870 30
3313 668
18860 5
9896 61
28640 35
11936 66
7400 206
7693 187
6885 906
1913 5507
4112 58
14780 60
1431 370
5635 8941
9402 68
25325 23
1347 4569
25360 3
15369 82
19030 26
6713 948
10755 69
7369 561
1677 5851
9788 627
8865 340
8401 2225
8389 635
6573 971
3299 95
25865 24
8187 6
8437 491
7590 41
8407 938
6077 85
1609 425
1768 2
24880 75
557 492
5162 710
29844 94
2931 807
901 28
7067 249
4082 5847
8346 847
6413 8625
15934 82
9814 9461
7741 99
5895 879
30695 76
1009 216
3655 6877
3115 721
522 946
27119 2
502 594
3401 18
9249 7457
7041 3697
17344 58
2985 1557
4213 621
3511 692
3351 161
5352 99
3898 70
9856 85
2766 6665
9595 215
13466 62
9456 782
16516 82
26490 82
5781 947
9382 921
341 602
2673 5201
9665 638
546 10
6719 31
6702 74
22554 8
5571 7402
2823 390
7273 537
9924 31
4193 988
10967 81
2835 89
3201 955
25756 15
10376 96
25319 83
3966 90
2043 699
6896 449
4737 64
2302 54
4313 5473
2871 73
5225 71
3953 9201
28381 65
1117 796
7081 501
16164 35
4654 3
4391 245
2415 1193
2693 7404
3250 4726
7881 399
22410 42
2089 9
10394 78
10677 23
6339 355
20015 96
2313 93
6840 79
23306 71
26679 49
7187 21
3786 8321
6315 235
2003 21
8519 711
5677 5259
9029 888
4481 714
1980 35
4728 91
4147 1684
9767 481
1756 449
15176 68
1319 56
1779 6925
1186 726
17325 23
3742 90
4181 387
71 3357
13143 72
8529 907
8163 2433
3065 130
3904 7434
14006 80
27872 16
9513 268
1111 947
9096 3
5354 8829
25281 2
25166 91
7579 55
15772 74
24432 21
18978 2
14380 93
2011 15
28415 16
8769 7267
4438 85
4631 3290
30667 60
24899 53
4647 3669
8371 2373
26691 65
7165 4921
6465 634
5289 2316
1721 2185
14385 81
736 337
26653 61
5461 440
4665 145
8967 228
1241 227
15874 25
1833 887
10355 21
15692 44
9714 5390
9277 952
2563 61
4445 720
25550 12
9546 27
8416 52
4801 796
21852 25
14591 7
5889 647
18840 81
946 360
8777 861
24204 58
18751 42
9250 64
32617 21
7067 42
5210 162
30807 38
17900 48
12733 74
12879 96
3207 241
20256 16
12604 69
3100 524
4077 613
7081 656
9016 1982
1505 68
3031 274
3086 850
15830 61
23450 53
2674 40
30839 68
5777 800
31328 61
881 260
6756 1429
12890 5
8663 81
9714 76
2121 577
1685 436
31906 88
23113 32
24347 94
6811 75
7043 66
2080 152
609 558
5943 642
2275 35
8521 7484
5039 8308
5635 63
26986 64
2156 199
11076 47
12213 8
1407 71
2689 253
5895 4007
2531 436
2166 57
20041 61
16991 5
5545 3
9195 843
905 479
6391 45
14099 48
4075 776
5006 125
9533 65
631 53
5057 820
2817 482
1681 998
2654 874
9716 3769
23351 82
30296 31
6851 662
9039 340
3182 7627
23357 30
16828 93
3501 308
3681 8490
1457 933
5399 273
3617 843
7681 603
30139 9
13487 54
15783 34
1796 99
5189 582
8624 32
6509 32
4851 2113
3993 564
2367 672
19242 77
17100 35
8393 931
10322 92
2268 25
5165 498
3171 7069
23597 88
6042 14
16218 61
10460 52
5487 283
220 40
9422 966
2105 128
3789 3697
14941 67
2601 939
9074 62
18544 15
29886 50
10797 50
113 91
18563 56
13030 55
7638 68
4994 37
4699 116
5847 9
3881 960
31231 62
21194 71
25697 63
22053 22
18005 28
4466 392
28776 68
992 4
9024 3437
1431 10
16641 77
4181 663
26930 11
8560 427
4847 1956
582 92
24110 51
7397 145
21359 82
5761 759
165 1843
2514 9453
9856 8911
28597 38
3961 24
5339 8595
17269 8
6132 4
6748 58
21180 33
14720 58
4191 495
9049 351
18077 58
5222 485
21834 21
383 3761
25096 60
7752 52
209 24
7979 329
4461 1836
6057 78
6425 5
29250 55
9697 41
4639 791
4471 919
1193 16
5020 226
2158 51
2614 411
21801 97
13518 58
28055 4
2147 437
8021 450
18315 81
5890 39
1581 565
23396 49
1686 845
26946 58
25009 42
6906 633
8205 52
5413 520
4177 675
7189 291
22834 41
10853 67
27640 50
29793 87
5777 739
29729 54
1478 50
31554 44
5399 5801
8929 856
20915 93
19821 9
22334 33
1439 7136
2909 624
14718 76
14305 23
12403 82
4304 74
29688 66
9941 6842
5117 934
33 646
9672 412
621 7549
21771 97
10778 67
3630 110
6253 3407
9971 87
19662 85
28780 85
235 92
5101 70
456 67
20953 64
5769 405
3925 613
19396 71
32300 69
4177 863
19946 76
9951 69
8574 609
4858 748
5623 64
10398 99
11623 19
2807 76
7805 782
8478 459
23371 54
3181 5376
6744 76
4423 1
13341 45
9397 728
531 686
9201 867
841 416
1281 104
9266 33
19642 93
19512 67
241 363
30767 2
1 366
14225 43
9440 7
4760 81
2951 532
4373 957
4651 404
7379 720
23917 84
801 908
17129 71
8751 480
3626 3141
8218 62
29536 53
9615 751
362 29
6131 6
2358 809
28858 95
5751 815
4689 207
1299 5843
8921 68
4459 565
5076 11
9999 588
3440 189
22509 35
30021 9
8901 245
5341 959
585 74
6994 260
2503 19
7934 2061
26 302
17867 79
26935 25
29741 28
14192 6
2831 1598
24753 25
3501 577
6214 68
7749 74
2005 8741
32542 95
30400 93
2402 46
6430 75
2630 607
13745 69
385 134
13660 87
6177 377
13758 99
20898 46
9501 425
28068 47
1501 12
12930 41
9781 290
28312 19
10274 10
151 408
2181 227
6911 5555
652 299
26273 55
31047 89
4610 8561
10815 68
9553 3774
9225 562
19546 3
8814 31
3422 959
6792 35
20805 23
16402 60
3167 39
4461 280
32720 57
5718 55
705 64
5407 59
1625 57
4033 98
8426 89
10172 62
2497 795
15419 8
23553 67
12105 46
3397 174
9587 90
5114 52
28585 61
23121 1
3041 801
13289 58
1655 569
6641 958
4189 7103
1591 791
24190 42
6393 3961
4631 228
4104 715
696 278
3478 22
2360 9517
18407 12
8024 27
5236 6050
6640 122
15107 19
6951 240
36 675
1727 11
68 22
13348 72
6921 1621
31212 15
5266 54
10118 88
29450 41
211 2383
1905 994
13671 81
13536 71
19979 44
4093 26
3217 9599
5193 7305
15113 79
2053 9393
27 27
1078 10
27145 95
3745 43
3865 4795
27509 14
7990 5555
31255 64
8864 29
3950 59
21205 42
4071 9586
7601 764
1939 7703
6541 820
7264 90
23362 93
2521 421
8932 54
1553 982
9450 35
25602 39
4655 752
1480 95
6741 32
19430 63
9345 269
5177 489
4044 395
6305 1901
4073 36
22656 37
5057 7802
1184 1599
1823 3350
31664 4
12190 79
25178 97
9817 6747
393 91
9809 170
4109 480
3507 42
2305 2177
19847 99
6905 2613
6988 10
1481 187
11319 19
4772 1136
792 52
23107 10
6211 1
20901 64
698 277
8807 3496
7772 95
5780 15
9717 76
29326 46
2242 2
2622 95
18735 36
9137 30
13194 61
4194 317
5787 21
25915 91
6647 846
12972 80
19453 62
18841 5
9169 7791
9052 92
1958 92
464 478
26913 36
2960 759
849 22
8827 8073
22366 67
30896 14
8913 4426
8849 346
9574 38
14339 65
2174 25
8919 91
17671 5
5227 394
8479 346
2434 95
3561 3259
9487 6
8051 319
3515 20
4061 566
11568 46
1823 25
21275 19
10564 53
9107 501
6771 82
30708 67
6738 170
7471 259
24155 50
26207 60
375 6793
21194 41
1897 139
26317 30
18298 70
1840 6760
14872 92
16724 16
5129 287
4393 26
10393 9
9057 507
20440 44
13745 8
25570 2
493 314
3542 3061
27528 81
16932 55
4091 36
18746 42
2361 115
19762 87
4557 162
241 8096
1364 996
2660 15
1440 585
31819 82
30431 15
7089 152
3873 15
3420 17
4873 9032
2055 19
7099 54
25547 20
3135 38
20930 73
211 74
22627 26
6303 131
6905 216
8097 76
20318 42
9725 529
6248 736
4443 498
570 99
32617 80
9774 170
563 419
1984 83
15377 91
18146 24
10271 83
9562 514
32731 35
1430 144
31083 14
10903 43
11288 71
10941 62
13495 91
3395 94
25481 23
4161 4850
5201 5768
9645 813
791 161
28449 25
9629 572
31632 85
5881 560
17506 45
4645 364
24732 85
13379 93
1865 4106
5195 7676
5409 463
10674 14
7891 7671
17409 14
9845 268
17233 49
4201 991
24780 99
13098 54
26882 76
2385 377
8697 3477
27744 27
869 8594
11532 44
26180 77
23702 24
16047 28
1511 7393
7484 54
27089 49
29879 34
9516 847
129 2009
8597 504
32496 65
13860 70
7317 451
7071 609
30191 69
19098 26
507 2994
495 329
28467 53
23585 92
21373 67
23736 80
9111 66
4523 624
972 353
9381 6147
8458 6273
25692 20
2481 778
24591 76
9730 36
2255 61
2143 72
6669 83
12216 90
13591 39
2581 921
8908 65
1235 275
2836 2386
14477 69
9250 56
5714 885
6199 2626
11382 18
18451 1
3105 836
21653 80
11136 18
12976 51
13815 59
27958 23
29905 59
10848 3
16808 31
1369 245
24775 88
17001 20
1492 118
7809 2495
13533 15
6029 7741
380 1000
5719 22
20345 54
14084 64
26 40
5021 1371
18825 93
6929 852
22619 54
15095 55
11656 68
16262 65
7272 7848
2651 896
649 992
3339 2009
1225 8200
9408 50
8551 216
7049 581
5617 15
9911 9835
9441 6276
22912 41
32574 96
10778 81
7265 46
6457 1071
9510 359
32636 46
18115 41
9531 655
29075 61
5318 973
857 489
6286 665
8545 2881
17317 69
305 7131
15352 31
23397 50
32167 81
1376 5478
8958 67
24510 46
15881 68
13961 26
6161 792
23114 58
31259 31
3261 5523
1040 77
2495 9281
4970 556
9249 996
20388 18
19756 42
18840 38
15385 14
8944 2977
15406 28
24530 27
28632 28
8911 563
1041 8875
1741 827
27403 97
6186 658
6305 2081
6492 1201
11681 21
2097 28
15168 42
1837 958
29850 70
5881 264
4601 791
12339 9
23102 28
2681 53
22673 66
4693 755
10310 84
24148 6
28631 19
9534 79
20882 23
14158 29
1031 680
25307 65
110 225
5017 700
7869 918
14004 62
7376 52
8129 6
241 3
19156 14
14529 40
4306 613
30495 81
30279 90
7255 353
3777 2672
15451 29
27240 42
31223 77
6603 485
14446 15
2091 601
9451 3506
12238 19
17952 15
13361 22
602 678
8985 6217
1809 265
5141 881
26085 80
5068 847
6946 30
8961 3169
31353 33
18261 77
8032 60
3219 870
9072 88
27168 12
6097 23
2985 424
31516 35
26230 19
8553 2943
9115 6305
6766 36
30766 63
6889 14
22032 81
578 5
10085 84
8395 13
1243 99
6839 377
5755 63
6289 95
17489 30
2561 518
4485 8596
30700 37
1441 487
5067 33
5326 460
24307 76
7679 2559
16995 35
10472 13
15290 47
7373 77
4679 813
27799 83
2554 79
5591 658
17343 7
7249 755
16107 58
14245 19
6641 809
15066 83
11311 19
9537 586
21294 51
17397 15
1723 637
221 897
18939 14
12873 79
3201 509
7637 565
2131 9561
4529 303
5621 5221
3519 83
1726 82
5004 49
441 6952
1419 38
5475 68
7501 173
8075 7
30582 98
7926 48
16863 24
4693 627
5884 3163
18776 20
20564 60
9054 68
781 578
8381 221
9934 40
8873 754
4875 2837
24479 39
30080 93
9162 250
8837 9471
6281 9411
2557 856
24416 91
24230 46
21344 6
22460 38
4461 630
3157 166
6531 507
8706 452
20018 52
31814 88
3025 239
261 3537
29970 78
25338 36
6401 870
25205 86
6586 613
1016 545
27671 6
2453 596
32041 51
8436 58
3332 19
12619 5
9167 970
4135 45
7227 796
25990 70
49 88
27753 26
22627 84
21238 75
4853 74
3569 2567
4680 57
7623 3661
6642 848
201 946
2408 15
6838 259
28056 51
2329 373
6145 475
25171 63
1777 992
9771 828
17764 9
9448 376
20084 47
14572 59
4861 511
1540 624
7451 9812
20450 42
27798 84
3656 11
12338 89
2957 6370
1882 551
2674 837
8941 2
28395 11
4731 695
9399 284
7424 98
12875 26
14052 72
9349 401
11656 5
1499 6881
849 5998
7864 45
7511 284
22319 97
16941 33
7818 85
15416 78
30027 88
19632 15
311 321
5801 12
7121 5
2786 15
5789 332
1570 81
10142 61
3491 292
2524 419
5071 3607
4927 86
6320 260
611 239
5632 50
9198 47
14863 62
27837 7
20716 95
389 5276
26117 70
9373 243
9226 485
7957 25
9769 5
6397 574
1895 660
3474 223
6181 120
7185 283
11480 19
3282 83
2975 2823
499 64
2805 331
12421 2
17260 83
3889 253
23607 30
9951 785
1886 996
8957 68
261 4358
7369 4514
161 9349
12042 61
271 626
5851 302
6995 87
31679 2
26848 37
24692 70
5676 633
1537 218
12800 86
6463 58
3768 186
16819 64
7175 451
1673 300
7786 10
3560 9870
15275 18
17626 98
8265 855
9313 201
1143 911
30803 14
6585 4017
3733 733
6406 897
1433 413
4317 614
19028 37
5736 319
18693 44
6086 6361
1466 31
4536 841
8443 70
1092 62
30536 39
5529 212
9901 791
12979 46
7580 96
17435 38
6481 689
9011 387
539 60
7337 518
8120 6739
5435 72
2801 8497
876 4985
9941 19
2819 63
7795 163
10271 45
29296 85
1204 833
3686 928
10482 67
9988 757
1421 945
1676 4246
21671 30
24258 31
3305 141
8472 539
898 761
241 820
28939 96
13288 70
23031 49
1681 614
20664 42
14059 7
6491 297
9934 8
2725 9185
13373 24
8693 996
8857 47
6381 3221
25441 72
508 883
9670 484
28363 63
20017 11
29728 8
7697 5465
9323 440
1211 953
4491 5249
18271 29
3601 708
5171 746
7186 889
958 556
8931 689
8952 8721
5013 889
8629 589
5380 1
8329 3055
22922 31
11256 74
5919 9667
5960 24
15086 85
10822 96
51 926
3945 553
9961 1305
13477 99
10239 66
8659 13
3642 773
31252 9
21500 45
5954 879
864 56
6426 575
23840 82
1816 203
13725 31
3581 58
10144 35
2333 264
1139 368
12512 94
12996 82
7399 3
6097 100
4011 4097
32249 18
28463 23
9683 15
15093 46
5326 928
329 2391
30726 98
30562 50
6442 417
9949 1310
5424 165
26695 41
7491 88
18738 96
6849 643
9477 356
7525 814
2247 639
1885 63
6649 163
15201 13
8852 740
27696 58
8546 300
22257 23
6401 940
2644 214
4814 889
27520 8
6321 305
7271 287
6684 23
8225 897
19666 22
32217 27
8471 168
5700 93
6443 743
19063 99
6023 706
30183 71
14446 9
30925 88
25 34
31241 98
1882 73
13244 96
912 206
473 362
6685 787
3704 278
201 3049
32572 44
18565 24
32681 50
28885 92
5133 296
26935 19
9936 235
3701 197
5991 41
2476 477
2531 560
1592 725
8691 972
124 886
25199 84
11862 58
12176 1
2785 290
19502 55
12997 34
15435 85
24553 66
1312 61
8973 79
25836 51
30684 43
26081 84
8751 95
4187 9981
21608 93
6034 62
19575 76
30807 75
9081 819
4092 11
31716 36
9765 2693
5724 470
21465 89
2357 5895
24529 17
20333 99
6821 54
24620 77
26777 10
29280 9
31233 13
21119 66
8724 59
5617 700
7455 5415
4 5
12225 92
3438 73
2655 236
9851 7597
3105 5265
8876 10
2851 431
4677 939
2869 77
1290 5661
2751 10
395 584
12445 35
4284 67
8119 5131
73 14
1575 38
19579 53
22430 43
9490 766
2741 746
29889 21
30013 11
17041 47
6681 121
12925 29
9537 539
9873 355
31234 43
513 3388
6413 80
22792 83
10036 23
29726 58
1746 30
14414 21
823 59
2239 8685
2950 46
24561 37
2788 351
6686 353
13135 39
1011 773
12935 14
31766 9
26198 96
14221 84
3221 657
4894 50
15627 52
8350 92
24223 39
10155 90
4825 12
8712 626
5993 725
447 8648
6371 657
2415 6057
13968 86
8774 5981
9071 407
1917 499
1171 24
9991 67
25686 58
8024 9
6472 569
27607 66
22719 35
5044 13
6443 59
9922 9301
29123 27
19849 63
4245 34
5937 657
18261 39
9621 821
6791 8665
6313 808
23999 82
4133 81
11232 11
30686 75
26803 10
3007 9969
9951 396
3478 71
6777 640
18947 33
513 810
5145 813
17644 91
7773 601
737 70
3345 9034
1352 6426
28610 4
9500 40
7285 865
26047 1
18495 77
17530 93
3498 1
7572 77
7915 63
29092 66
1255 186
13481 77
4441 427
24270 43
7828 146
22806 80
26949 6
5324 57
7428 1031
31246 33
2238 802
7311 283
24908 26
19525 26
3801 2149
4543 294
461 860
18497 75
8649 52
19515 64
13039 64
6207 8740
7505 972
1661 890
30950 50
1486 67
6017 401
8708 99
10475 78
3281 5111
4089 421
4439 22
28896 27
8230 187
15848 56
31246 19
326 54
8385 851
4859 86
6705 719
4089 153
4172 40
2711 14
6194 679
8541 778
1025 830
5231 771
1473 8065
23979 19
3263 70
2065 4864
17607 55
6746 51
5211 153
6462 41
4844 1901
27231 27
2430 7091
26991 75
32712 93
30678 15
23528 1
795 815
17402 6
18418 98
19556 37
419 24
12645 70
5574 7012
18364 59
25791 55
4760 588
5720 881
6344 10
15803 70
29124 62
2971 27
2032 8323
6861 650
2013 603
22781 20
29529 55
29715 96
6039 9
3696 23
18993 43
21106 58
2125 3
22071 62
10198 62
26509 54
13909 95
16762 45
7401 4
2945 907
7505 778
6487 638
7769 748
3153 651
4089 8609
32431 30
5143 832
4136 6922
11802 69
2286 5994
18492 16
3916 372
1042 31
11766 28
7460 82
6614 718
6151 452
3690 24
4767 9762
18474 1
28533 31
6553 87
3752 5751
3593 420
7376 5414
3935 9341
2543 343
1314 80
4033 983
9371 1353
6781 5901
21285 47
22389 43
7593 37
7448 9137
8573 81
5252 775
3001 9065
3121 11
12765 97
12657 38
6456 203
32370 57
17672 69
14405 76
2883 64
673 6409
11356 44
1126 827
779 294
4001 6691
5057 5031
22481 10
16200 72
3876 157
7467 39
19788 54
2233 302
1233 878
220 9851
3365 641
8875 392
26430 47
10719 25
5711 787
24756 38
7785 928
29110 94
23579 68
5417 619
8761 5226
2311 967
5841 344
16133 16
13758 78
22727 68
3436 7771
1951 944
17700 75
631 438
15842 38
27847 33
5791 1957
3992 475
29977 31
30571 8
9233 755
7517 172
9840 87
17164 66
5961 2241
24370 92
261 479
22048 27
23824 39
8401 738
5713 7809
24179 65
9311 219
15820 89
2330 786
26476 84
11099 49
5652 89
3811 8817
2454 9
4788 436
1277 733
7651 509
4474 46
29871 12
3325 535
21245 27
2906 879
28580 30
30832 5
26908 94
31246 83
696 549
2361 7489
16902 55
6981 344
12359 63
6097 98
1917 980
25427 66
6357 399
12863 22
1951 608
30277 82
6776 994
25120 16
29720 41
12536 76
29089 98
6380 346
12950 99
4301 872
18148 20
8561 161
19116 52
12159 85
26258 22
3569 258
32090 23
4699 497
18825 36
5968 74
5904 77
4415 900
2768 618
19076 5
5622 949
4027 339
31735 64
276 398
5777 743
5831 32
2011 82
10529 14
5061 2081
26773 82
24696 81
29592 52
6463 214
21920 41
22133 58
3777 660
5440 95
3953 439
17708 55
9341 46
2254 30
27930 96
7814 4989
5773 52
13150 41
8957 155
8765 4113
7902 696
